382 435
1 1 1 3 5 2 2 1 2 1 6 11 9 11 8 16 4 9 18 19 1 5 13 21 3 8 5 12 14 18 16 5 8 7 1 33 7 35 25 9 36 29 35 34 38 34 5 6 32 31 16 41 43 11 32 7 45 44 9 3 32 41 8 63 35 60 38 27 45 27 8 46 58 9 4 29 24 77 61 41 23 24 25 12 57 24 59 47 48 49 53 71 22 81 94 84 6 25 46 35 64 95 8 73 55 64 88 48 58 23 29 43 52 107 93 44 87 96 113 70 26 16 37 63 37 121 52 108 66 13 109 128 116 26 11 114 32 57 103 83 136 13 11 14 78 7 37 90 7 87 123 31 82 35 119 129 125 140 144 145 21 2 86 8 123 166 119 47 36 126 15 90 60 118 167 155 34 46 145 65 177 179 52 175 174 50 124 159 113 170 180 145 154 89 178 15 9 73 101 81 85 163 76 124 66 205 102 69 174 167 167 94 138 106 141 134 21 202 115 135 4 89 187 67 49 65 177 183 10 137 64 221 37 5 34 147 201 22 168 133 53 128 164 73 11 102 19 73 193 35 98 26 61 140 78 53 2 50 129 67 85 226 6 261 4 113 156 191 95 165 113 48 169 115 231 74 175 187 90 176 115 69 37 140 263 177 113 34 36 111 130 180 229 291 165 6 117 286 217 273 159 147 34 30 142 27 94 48 53 291 183 83 4 99 158 263 28 292 44 29 104 306 98 112 281 312 267 151 245 137 214 224 20 320 203 234 113 254 313 282 216 35 48 29 95 251 55 241 282 209 5 204 291 208 175 200 242 315 4 254 78 151 162 35 167 28 359 182 121 73 182 137 194 136 333 25 102 278 320 221 41 
117 194
184 128
318 309
16 263
97 224
88 78
226 230
246 377
283 375
374 250
304 362
342 275
323 25
356 287
380 59
24 136
252 207
263 188
156 300
90 274
163 199
351 7
46 236
23 350
229 14
217 150
16 177
43 360
201 38
264 220
96 288
355 370
134 257
197 311
174 308
203 337
124 193
365 169
47 5
136 275
41 375
42 78
169 106
55 9
166 319
228 283
246 222
270 19
96 106
330 269
53 150
245 176
342 249
366 6
254 142
302 316
134 366
11 324
89 65
354 254
23 199
177 268
38 86
287 155
192 234
63 244
23 308
60 364
196 65
10 67
206 333
22 361
316 32
324 45
119 295
320 141
133 114
49 192
200 335
346 31
208 27
274 230
356 355
233 169
38 264
258 265
215 279
266 148
311 207
214 69
120 152
209 274
265 257
84 82
231 47
112 78
73 26
329 68
20 180
237 57
83 112
344 297
8 249
85 340
73 298
26 214
67 257
106 354
131 211
75 2
279 209
79 352
234 26
59 275
227 295
354 331
24 315
268 32
203 374
11 275
289 37
129 378
293 256
371 63
106 63
86 2
271 165
375 144
212 52
37 78
346 8
26 370
344 315
41 164
306 51
78 235
87 228
230 19
123 218
104 228
302 189
230 191
353 222
356 204
273 32
303 237
61 351
246 22
283 286
207 207
336 307
59 63
152 310
103 275
167 206
142 108
13 371
320 5
211 294
231 101
325 151
359 4
141 222
47 64
125 276
270 101
222 350
185 13
299 287
287 105
133 69
212 167
57 150
171 267
61 41
8 25
214 366
50 354
206 119
35 352
34 326
92 255
315 276
267 231
203 194
357 335
262 187
119 318
336 311
225 36
352 232
60 183
237 132
176 82
272 211
52 305
176 165
177 109
59 83
361 261
276 336
235 177
140 375
113 115
303 359
150 294
230 231
116 84
2 314
166 273
164 239
217 339
21 11
87 101
116 66
361 9
41 235
186 202
227 320
316 170
296 105
103 143
357 219
248 381
172 31
271 335
291 106
291 312
138 378
30 253
83 31
284 123
287 109
346 154
46 301
323 363
45 65
145 19
305 10
39 94
63 310
46 353
55 337
304 214
354 356
107 76
26 8
198 312
116 183
83 183
101 45
163 145
132 329
185 54
338 224
148 18
173 215
11 249
191 336
80 162
309 186
237 334
215 74
286 352
278 8
152 378
75 336
162 206
282 347
281 238
210 68
277 382
283 309
270 91
263 349
275 189
175 151
163 29
247 66
381 142
95 150
160 169
126 321
374 25
307 295
284 134
362 179
155 262
127 42
375 7
31 267
196 227
57 380
277 303
63 275
63 179
65 244
348 190
182 361
214 129
273 138
284 253
316 57
154 60
120 146
89 172
52 306
38 131
303 315
51 5
229 135
183 293
378 148
122 200
149 358
328 39
113 229
313 68
307 107
149 67
274 237
260 348
160 320
96 80
252 146
106 98
303 289
31 298
76 152
137 224
127 104
285 239
355 237
306 301
365 73
367 257
331 267
244 109
204 339
210 95
124 316
214 44
222 244
364 319
36 118
161 162
244 85
41 216
343 368
134 326
80 141
222 29
25 83
159 250
39 368
344 162
301 175
228 162
59 209
99 94
348 281
255 209
365 317
42 325
325 176
290 22
316 129
72 362
211 230
229 249
216 212
51 156
4 278
318 84
126 34
177 91
314 72
322 318
6 363
282 352
178 190
374 133
318 63
134 147
315 2
35 148
213 107
303 239
2 238
322 127
293 117
240 224
210 179
181 237
181 81
207 359
270 198
131 227
282 265
373 214
266 48
1 119
154 304
357 178
181 318
326 114
74 183
337 283
361 158
138 160
238 366
158 125
203 288
351 102
192 364
338 98
51 338
238 226
281 212
21 102
169 369
215 243
169 191
143 148
348 302
329 203
285 126
349 105
53 340
229 245
321 206
364 11
161 219
236 82
70 279
