1
52
5
1
1
1
1
1
1
1
1
1
1
1
44
11
5
5
1
1
2
2
2
1
1
2
2
1
1
1
1
8
1
1
1
1
1
2
1
1
1
1
1
1
2
2
1
9
1
1
1
2
1
1
1
41
8
1
1
3
1
1
7
155
1
1
1
9
1
1
2
1
1
1
1
1
52
1
35
1
8
2
1
1
1
1
1
1
5
8
1
8
9
1
8
1
1
1
1
7
1
5
2
1
7
1
9
1
1
1
8
5
3
2
1
1
1
1
1
1
1
2
1
1
1
2
165
11
16
1
1
1
1
1
1
1
1
1
1
2
159
1
4
1
1
147
1
1
1
207
2
1
1
1
2
1
1
1
2
2
1
1
1
8
1
1
1
13
1
7
8
167
7
5
1
1
16
1
1
1
8
41
1
1
1
35
1
1
1
1
1
1
1
1
1
1
8
1
1
1
2
1
1
1
1
7
2
1
1
1
1
1
1
1
2
1
1
1
1
1
2
1
1
1
1
2
1
1
8
1
1
1
1
1
1
11
1
9
1
1
41
1
1
8
1
1
1
1
2
1
2
1
1
1
1
1
1
1
1
1
1
1
1
5
1
8
1
1
2
1
1
1
1
1
1
1
87
1
2
1
1
1
5
1
1
1
1
1
1
1
1
1
7
2
1
1
1
1
1
2
1
3
1
1
1
1
1
1
1
1
1
1
1
1
1
1
1
1
8
1
2
1
1
1
1
1
2
1
1
16
8
1
2
1
7
1
1
1
1
9
1
2
1
1
1
9
1
1
1
8
1
1
1
9
1
1
1
1
2
1
1
1
1
1
1
1
1
1
2
46
1
1
1
1
1
1
1
1
1
1
1
1
1
2
1
1
