1
1
18
1
1
5
1
1
1
1
3
1
1
1
1
1
1
6
1
3
1
18
44
1
1
3
3
1
3
3
1
1
1
1
1
5
3
3
3
1
1
41
3
3
1
9
1
1
9
1
1
1
1
3
1
3
3
5
1
3
75
1
3
1
9
9
15
51
1
63
3
3
1
1
1
17
1
9
1
1
1
3
1
3
1
1
1
1
1
1
3
1
1
1
3
1
3
3
1
3
1
1
1
3
1
14
3
17
3
3
1
3
1
3
1
3
3
17
1
3
1
1
4
1
1
1
1
1
1
1
1
1
1
1
1
3
1
1
1
1
15
3
1
1
9
1
9
1
3
3
3
4
3
1
1
1
1
3
1
1
1
1
1
3
1
1
1
3
1
9
3
1
1
1
1
1
3
1
3
3
1
1
3
3
3
1
1
1
1
15
14
1
1
18
58
17
1
1
27
1
1
1
3
1
3
14
1
1
1
1
1
1
3
18
1
1
21
11
3
1
3
1
3
3
1
1
27
1
1
1
5
1
1
1
17
1
1
21
3
1
3
3
1
1
1
1
17
1
21
3
3
1
1
1
1
1
1
58
1
1
1
1
3
3
1
9
3
9
3
1
1
1
1
1
5
87
1
17
1
1
1
3
30
1
3
1
3
3
85
1
5
1
1
1
1
11
1
1
1
17
1
1
1
40
3
1
3
1
3
1
9
1
3
1
1
3
1
1
3
1
1
1
1
1
3
1
1
1
1
3
3
1
1
1
1
1
15
1
1
18
1
1
1
1
1
1
3
3
3
1
1
3
1
1
1
3
3
3
1
1
1
1
3
1
1
3
4
1
1
1
30
1
3
3
15
1
1
1
3
1
1
18
1
3
3
1
1
1
1
1
1
9
1
17
3
1
43
1
1
1
1
3
22
1
1
3
5
18
10
40
3
1
1
1
17
14
1
3
3
3
1
3
3
3
3
1
1
1
3
1
1
1
21
10
27
3
7
1
1
1
58
1
1
1
1
3
1
1
9
3
1
1
21
9
3
1
3
1
1
1
6
3
1
1
32
21
1
115
3
1
1
3
1
1
3
1
1
1
1
3
1
3
1
3
19
3
1
3
1
1
1
1
1
1
1
21
18
191
17
1
3
1
1
3
1
1
9
3
14
3
1
3
1
1
27
9
51
3
3
3
3
3
3
1
1
40
5
1
1
1
3
1
1
9
3
134
51
1
1
161
1
1
17
1
1
3
1
41
1
1
1
1
1
4
1
1
1
1
1
1
1
1
1
1
1
31
3
3
3
3
1
1
1
1
1
15
1
3
18
18
3
1
9
2
3
1
3
1
3
1
3
1
1
3
1
1
1
1
21
1
1
1
1
2
9
5
1
1
1
9
9
1
15
15
1
1
1
1
1
9
1
1
3
3
9
1
1
1
1
3
1
1
3
1
3
18
3
1
3
3
4
1
1
3
1
1
1
1
1
17
1
3
1
14
1
1
1
1
1
1
3
1
1
1
3
3
1
1
1
1
1
1
1
1
1
3
15
3
1
1
1
1
1
1
1
17
3
1
1
3
5
1
3
1
3
143
11
3
5
1
1
1
3
1
3
10
51
3
1
3
1
1
17
3
1
9
3
3
3
5
1
15
9
1
3
40
1
1
1
115
1
3
1
3
3
1
1
3
1
1
72
1
175
1
51
1
1
3
3
1
1
1
3
1
1
3
3
1
1
1
51
9
1
1
9
3
1
1
1
11
1
14
3
1
1
1
1
9
3
1
1
3
9
1
1
3
1
3
1
1
1
1
3
3
1
9
3
3
1
33
3
1
17
1
2
1
5
1
2
1
3
3
21
1
1
1
1
3
1
1
1
1
1
3
3
1
3
3
1
1
1
1
1
1
3
4
1
1
3
1
5
1
1
1
1
1
57
1
3
3
1
5
