68
65 507
227 467
96 972
217 713
311 523
151 571
645 685
376 400
321 872
211 467
759 849
274 771
115 534
177 323
434 968
244 385
710 941
36 963
676 681
343 605
198 527
493 842
211 245
82 570
36 565
644 765
146 415
390 612
300 713
619 789
32 146
3 438
318 742
774 826
782 993
469 542
308 961
383 870
205 952
121 304
339 947
237 836
627 713
364 448
339 588
335 836
619 689
626 712
6 803
838 998
306 584
243 539
266 274
464 823
577 767
295 916
66 532
103 130
158 902
494 848
489 828
108 683
308 516
171 874
8 110
45 871
313 762
287 579

