0
0
0
0
3009533253779
2776528358683
12727451672659
14657446253584
9875299802904
63202227799
11194734005964
1350874264784
244890320487
1782755127818
792266023780
2254200015265
218062872355
399261948030
70631942305
137110808201
692562982363
3038045541656
1941612081003
851617349426
3229358910795
294217920508
6374009465636
1053296901861
123779091
4358514970978
661428731495
0
1664895278043
7702851964313
856126564987
3202108014846
221224965426
3779720038142
5499541084056
5052331203028
3315648275892
3733605740403
6682127944238
5680053225548
7430805316855
351671291544
8058303590544
1519600077739
90256086856
60615965802
903102261120
2052371858175
7094696387257
781617115377
402406619280
1298802053952
5160269259057
327013195208
6256036773338
2158276377068
1277029094849
102220835064
11741582406
5038212682379
74100310149
1233763430025
2498181129055
5718526552860
1246823631093
2244088396488
7982482217570
894903251355
4710488354589
1618017966855
1610655210945
1182307509474
2156370721521
5797551384417
257560643491
5928646401125
2845816352055
388343148671
9824153723031
597116656834
5633416981494
4326701657456
7936958672095
39999846103
2267469824679
2185944249425
2171655200268
1855283488707
11064977257205
11452249839381
653649240894
3739664917664
898270844554
8851852916160
933741440828
4385825471879
3570695371036
8056285501742
1412334943928
2545221280661
1788622065566
7153555215179
385669762883
1842680561562
4667672101606
2396035303915
3471773349482
272765344227
2760926265292
40918685900
529096399420
304846760400
2620259571732
1922440273467
3193423378312
963889399169
813230136839
2487826934616
6906549271351
3532541385538
3860551826763
3549702000310
2624928705475
2015932349013
5259449478085
100655794308
1440087380544
4057011883480
9224996083100
3101095756894
4000657510840
7168672226066
2334553638900
18616487474
7273292111380
4884536553540
1426490093222
408098623820
4585981594618
4354403622358
4887081038738
8755594021570
610483584240
955309275564
2731296733446
4452280236442
2718961561720
4456189018332
6494483396301
5076744573770
292405790700
85482376968
155746809048
3520779163339
11294364
310121703198
214788792523
981805707960
727976193520
1042494084864
2750268664994
3236545583128
107410494729
457693498334
872168493634
2841930520453
2772552737899
7015924412771
9590842086752
298268005952
2409090531650
5828655193340
599233423934
10482330540889
489073533052
5117654209229
3426217067923
3265156579843
4640405676212
2487238262483
439684871535
2996050389133
2125728518030
5765774844754
4206260403663
8268543265756
2595760132500
4170336670896
613683779226
936296817411
8316804692995
1631766939081
282887083737
6692258685219
56291482036
1088550037290
5569334307876
827413877346
5956692725078
408933902118
1228607750908
377556405297
580819084820
6137368978359
67770376485
4778287313752
556980234880
657543423097
4242968119709
454306880000
679643092480
10550961275063
1435359032894
473119960497
417969363082
3591365194879
2982508763818
1729946456974
752313890063
177513431865
643488253614
2387735638228
2763889659323
876843322400
219033522708
388209301650
1784468360424
2891886388453
1084773597444
3108288492721
1086222770502
1203379684836
49858494180
351092015105
3042406113981
1275837168261
1509872189174
559436984711
1925731298534
3452165894156
1672207040644
479385378624
269333319268
3417420678012
770412296445
4258537271992
695163291318
1213750360783
1647777709669
3665995212696
526696092036
5516731408092
150025766121
228177716438
3699679254494
2664876211642
660214880523
1997657116191
4869609945810
161336792602
200726477873
18339076635
39456801245
3583138038932
5915559313505
4992175186937
1447253437621
3871128567897
141770993472
94513995648
6938237103747
290698479656
1805286591905
117204381919
7863730527167
74085006008
9985884986
1090563755050
1635582846128
650627262611
406364083843
2295565686402
1489708354232
320183288156
918116200558
29436378558
3974776401398
1714246920500
3247542811988
2017277391831
2052494234257
824654646480
3097164494019
8742892419659
5776438577185
2883434195310
3253969917
3096881032704
9841851822
5423816278769
2724253884
682832784653
8512863977373
33669266001
3416390817377
58149220745
5596436167906
3786714058991
1055021844337
661279560661
1197987762832
5427358467060
1513351468594
47326563887
1680085707606
5646580045331
6650468132288
1772281263992
179441154924
758819729345
2408907015678
1093332072402
798067363136
3187295535186
607352735916
478084682752
112183253780
5927331325396
1203810349440
186160526730
6376857764184
5068412707125
2059494829980
3804788087200
5572451467905
2340045906044
1001963847304
5314421160404
223841859020
4066151034396
543603329412
6999014351596
4308558165845
3363037067726
8876005520417
6337170470497
6690669951582
4848544293140
3084096289603
4772892107028
1668079565591
1082953465464
4303601525802
6555359957156
372933216408
6357603385464
4580381805162
982604173725
4663498026983
632203659542
1396014754644
1676846263781
1027100047979
8493786528469
4037346421747
209873569320
7066571501507
5793769241219
543068031823
1429762498450
3291092504842
1438169767214
1470059054818
7013804907080
3034820089145
2938016964187
4372553878193
779160486044
77917133520
3081549849291
331119466554
405606008246
1891704227512
643696182780
16323779472
7110057792
1514592605768
3938929077942
2371669847958
2355688525398
1630469633807
150247588561
6188685624
7825466969286
368780146560
6146247548457
198219426085
448079672259
865213664653
763446924982
27621030725
1560046372004
495008621666
955413889375
1347133023694
1714599272728
201831755300
4830388144948
248369076972
1556444396052
1221248798406
7761353683562
1884116900484
1725499506868
295109419200
590199792066
2714575835886
1499759564382
4142778302770
4638606560730
416777078000
1899281306986
4629324143245
4828424812695
13669799225862
1975676084258
43247119104
5791313531329
86108103216
3330785247042
8574519993718
4084992782824
1640144430173
438495830731
3462698805493
183552043615
659217704368
31887976485
227210749675
5450246824626
27679048940
8325026294513
42185433300
10075549381202
416382783158
2058365291967
7260708444166
1314788848980
477310058901
228893089971
4733506259253
1797461455692
1981929738645
1246964122619
1499435200510
2571357893480
4974908494536
16509605611653
1625646352726
2598945472589
767675750750
2744182012890
529237575594
5867931955780
1202523823565
2616714318632
1203964591167
966510440519
6011928855981
101167871896
2460025726259
2390482155720
834995538912
8915627323540
5270840399856
2093004009360
3568873891678
2356721529582
190527425280
2024042595425
1881223170328
470263826950
466035492425
3904474318362
1064506478189
472761791029
2029889533867
138366704854
6420950463399
2505164985580
4997430777
30784265336
494772623130
93327396219
2875617708401
2192380259544
1088119774638
1724898484819
4950141413893
4891248848266
129550855336
1851711421133
1057250420898
3228646745205
1163178346854
1953492473310
624680612970
3295051644396
1915618613677
1118867940895
3997101916683
3057307370989
1916033790545
1004442699398
312810075790
6762069616950
3750756703188
1189810432484
4952669003470
331112382943
311954260392
3349451152063
1333842596199
1306628235718
333330517970
1066748158075
153505717494
4176973753172
4194839975212
171508557984
1694373807875
349674727047
8400803204925
2354216069764
6491417972345
15674217825
168247959948
3839014953790
2214355454886
3440001044463
49975960392
3741821745578
8740893464640
9272466660672
3468767777478
676905345128
396127715171
1454752385049
5911916486955
287021936421
115568378937
505342140732
451908531483
1448348747939
4541530178312
883358687940
3835193987139
1051220023916
3860594809323
5059010044575
117123290030
1296780796404
1589496382376
5034908086928
1327922955408
96347117208
888446855796
5362128286976
6263280865443
2337054713548
1672456462554
434604711597
7709720206291
193672050796
1823522845234
3788825932832
5049544357192
1621193703303
6559746664749
7223517393914
11403361866093
4804232098578
6323327696776
8388061003583
129470202080
4152313141850
288201743118
2680213554
4649154523017
2262921373578
3481709617143
9431526306504
1497728404629
989813871580
1750290372099
3517533026006
1203472033992
2637734984977
1325165557986
359054420312
2487358619384
160913113088
29245595264
964304233882
6271168741863
4484001232993
138396662061
3372412111109
498185317427
6673035901360
2042286006638
69196693258
1050451187524
1960866943035
4897773586860
3846801348236
13055979860
326997998736
545952011020
107059034852
6538089587398
8078067530981
700057007772
845905971218
4226512396306
202528243125
2574291691142
71545863792
2512301581969
6809268888691
12379436992
2356458263434
6854206314665
4316743571583
56727189948
1080252239037
356395159945
36437251360
989332603098
1918660320
6839389802
3793685903856
1437461317516
7189714762248
1303272506069
1439804620610
11058540689109
10052141705468
340629490201
9690910768521
1048682995324
376626232448
1974532997708
8733833153291
756478682125
2844326264283
3593761760
9958977552970
469870205518
46318837344
54038643568
10058916381480
2463662771592
1284985011138
872126772044
2021865152848
84520341276
854756400905
4654416412192
3702218746050
793057603140
6549141549555
179015429835
5439395823697
3921333836207
2487309984528
2024991362167
604813343536
140124805340
3217253678701
1090929763528
294212674470
1359618135212
2891748453620
1310938986281
10287762098939
24444863926
952204799916
2862687704346
2878220886549
3465603580555
786512820864
2244233680768
247939489010
297252742938
1801018341600
6499839557502
2980957648854
79016321066
1419191262269
1301752080000
2132432626050
6888408530542
1029608726808
1912120826475
538650049476
5266437827090
6887733773124
2182950443442
2982527469
1348112466752
2536071359213
3462328085080
5112604914919
2242989434014
473634226632
65413353248
194013881156
23953347228
252241895520
2065678218436
2493992088042
1521043041920
13951433515117
11927577062091
856195654304
201507339936
344807656981
2840891209398
653715054848
1817379064620
6421592423317
5262275192416
217840060364
851745611024
4173810609509
2818921558807
363808682848
263566315632
3138471541308
2812839549240
3495599046511
1631563962657
1205820397146
1613548703220
1153882727196
251018330708
364399170912
2088018023303
89475360133
8412142450
2814989255595
272603250282
5779015647849
2674679276376
47703285033
1311472251804
3777801651360
1442643269711
443944445291
1257402076986
3875573756628
7451853735110
1670986098
1256670298588
4182259152072
6359016506091
4733636231886
4413917658095
2548998272842
6345796061220
5101431767294
955621795686
3334903290195
430817889564
5151740747854
536440256989
278650053232
397737070269
162616055263
5699608235605
1833469896237
3826421317431
7450842057417
168364672526
4924129358279
2740525100180
7260160081783
1672984120304
3020271137199
7819534097407
6863066531112
80003477908
135931837662
8358321128649
141755137216
1592908653105
640121572755
1035953006454
2116935999000
1378691252356
749682370573
317405987705
501546560895
713424394068
1601768016974
5726968033431
2769592557138
2211306674000
1093679398932
1685927882526
5601260207267
508634393349
8296223484
1763791815447
5805050334728
3782364581572
1821783682302
90097454696
65104951250
6539270798214
4919020687870
1424721714033
1120081410158
4673038566777
1654942653896
2236810009430
57383928964
2111812534431
5152378615192
1363082467558
51460281174
208512034856
1638085277764
277901882460
2799184721933
1260471215796
990299309359
5815871707
268327443572
2061981478009
53437450578
609034018912
916722011139
914384854792
2011132691806
6053632065084
5240022880146
1415151880544
1258084355386
1647787847091
1892479518736
153588948344
3616038010980
1400194526048
227092309089
430319427333
9436350305036
2987668556271
244045363704
6061273613614
7425861789696
2195026889269
3297163411011
6384569980992
3406781363177
1027018248257
60110734990
536956135375
11181548356971
53174021418
1064296211888
4241004885944
2728402153029
451723422267
1531759756505
4432126541976
3560140073971
165101645415
3477209854034
6975786829015
950858273788
115923605845
4622722329952
10085042436294
7097854574438
269379488301
12132360088009
121572767590
924173478812
437979984604
2153957459610
354079599868
2364334732038
492863774985
7158575071691
5771883572746
805461796010
37866927610
4927307020176
571855491314
5368744422240
1395003319437
2891679190848
18027960104
1468215373992
665111759101
8777067223178
183124794118
4411014560
10900146278818
4204223233428
1567900316030
247304044393
5374991833908
2201187137632
1258119346242
4382162460146
2553491801533
797297027240
3894754127533
1491358694764
657948828244
23571188144
1162978370462
184600886740
209013903032
2982032601654
5160755653890
1397122959148
1087634852120
6116603846625
114482425524
3059583396517
513247951314
690710668721
1200908678772
5373445460412
33649786416
10164016081987
362396193366
1737283163738
1446905587511
1493030798715
130942743549
1286162389394
2597242279990
628587592971
2574014457840
521271022245
618833511951
1389482002008
4098964866749
21983042730
389892600204
628836880606
1981771009441
3722126293133
8245039091509
10829584011643
2497080332980
459940494611
69942180420
762930445977
104291342469
262084944936
3404707951791
41177252136
453993955611
1237849277679
4140388516950
231175662178
205919094824
1984762523153
1682251343570
1225035176064
3236206441959
1273527652040
2501884414820
175924148184
9407577348232
5691762893392
197220565360
1176329429308
1745504560936
718729820444
13165003923837
11628974856273
190927686240
617343285517
1414430696803
8049145027821
2079824495712
1803831985993
1328367703478
622085835938
135556893759
10453470324
3279855507112
12987644948
4929177552780
1814152258956
414020779196
4712453922280
944930362924
99750977802
5880985160060
794197672564
84846497557
466349700334
1316916950045
144246490359
48416644619
31136317334
2345632095453
425500894330
1210792418296
4771482187325
4764485505759
4142580251309
9027248137560
8433655613616
438427503778
7707955352321
1657928866229
3885731114821
102687646280
4611836345109
856050881028
2699422429206
5797741515820
3679561568799
205488008916
1373893048323
16918766065
226723122873
12356580375
864022154003
286229524893
3942150116889
4515630439299
1612286697813
9640147043673
5248072080174
1790542545381
9091382707
6833371105599
4174144239570
2539881309843
222600594156
4794764642687
359604175685
7640232792256
4804697194986
174566579742
1055785121765
1927412659327
52759202832
762113785008
576200403600
355441917216
2309959901563
2408152010779
744472715045
2587612493595
214056422076
4479155644834
819497270500
110564474720
6254748996306
4896528491584
3801081355174
6025036596268
421845599952
417313318560
525362550292
5095328540656
6881293382316
520585802369
3517048051004
2165797545856
2264658269328
36122573440
6537586623952
394669229592
677979425382
2957090502845
600585069942
365123538307
2921063785806
7817972187700
2575561739472
2642626123196
232270696145
1378354279461
283683253896
175998953844
267559402754
4385963325788
509930013360
4424334631420
51388295920
373278739004
2384528747645
966140514350
729365124950
4470181553570
213168737246
338547267300
776994366970
268169970640
2061754641775
3361449892310
3903258451662
3989003384220
716433565865
4470515185913
3122021310195
468006710332
4898806681391
2493943563435
210834296197
1606042745865
1786834804957
965375410717
5226317517807
6005664621845
1339434646496
2898829009143
2781380093483
8531504795837
276776971351
13540810824
810778243054
441530990424
3820657056819
7771748672680
744322722181
2432778865406
1676382422971
2386212206375
7033050353769
4506808587552
2099297182120
1240611194700
1020638205123
1487026559106
688493183940
5945007218770
10802092608
87121259448
7864963075531
1698797073975
7690167318948
4279437573944
158325309270
4417689668352
134874721702
98659363704
1998609869616
3389401841892
964770188815
13483712343352
8041642284358
9454200358
188777485732
4092081470418
1035210591691
860521988802
1129876909992
3012466979334
2916572168714
1688587625017
1762950077158
4747971560510
281413238793
542281080511
584292116825
654048040599
344950507436
283009362436
1535315770424
6846676570911
115993441772
310055513115
4037515941572
6814256779181
1684497272596
4934477624090
40918641136
6177886934062
8029617651832
6181108383800
5649872936988
2258159412122
6899689298992
10562238009810
9520943723874
945438471510
4089180313369
2791561552735
396007154180
4778829892074
7351867206303
4536860115323
6220187605822
199591166474
842258158938
333936007047
150871350006
3272135679414
854680845648
313030229886
4939002818551
140790449380
845570875394
5473758931199
129170676375
8550742464
69860753534
1948789566384
451590193066
11430680030
13769286918
2026110072081
644446063277
89653926865
4252665804264
572508414512
3951390004563
590421534804
10080407236695
173135539530
2617466544804
4813442129987
701523551025
95150053988
480040492272
445425576167
3956015930492
818462613567
6079499769919
8523341575650
3446885291285
567649543958
536524775191
286641822548
309135602462
4283734061393
436293133920
830409001031
2586432444771
2432792399957
464078622216
1238464967983
2954554696407
747522534555
1860424928586
1687410627028
948326381579
2983321010472
5016316917148
28154095461
2323113581632
64742370732
152345398217
1949421945272
2581795774047
6527783145173
151168817060
2674758832776
1146174052018
2081881937346
625430542501
5367330383074
119956571420
903199684658
5826944081712
504629201242
1714819512
167283823408
1494201245686
137002702200
2845234396016
153349447323
6102126792624
1938867212378
5320321818126
217090809554
228301092720
590889634296
1359500268134
706400086370
196115002546
585387205875
6723923874546
3632386772876
3352434548505
70839740952
4812669007242
4459324959823
9546054731479
7178559445263
5897283943908
5517809058888
768158548092
9647370210933
3889697914738
2211790351225
3141065771641
2118430551614
894432676137
304438434674
296273408437
538774098174
5044158660348
442362718735
305204957591
7622333637573
3451548532475
3290021195088
249920297268
830428884940
5360806296474
1146743009925
3997419914457
1125938101413
1464896937251
1690813158372
113639772708
4608359050683
3270561216768
2064782151310
3927491514485
23466551839
4267942291800
647075121660
1037385328023
408896406666
8313232232111
643587877443
1024017381910
87758956360
2657903560551
18583334952
560097283498
1137464755566
5899915561173
884849906048
4576713347306
893071504018
624134760072
25276680986
224234583910
559177055586
3221053101050
68391129648
6488871626123
2491608992215
1388010422389
3993993160788
6362380124250
3505519143036
6676605342379
487610923968
347293760707
4099691564150
1460262215750
4085867787204
1354710289039
1480371942825
934582960082
1535769241744
2010258049155
1536446303699
277151234891
698154784192
129442703488
1625067006169
933215907272
273614932974
142908321000
3205502904207
1453375400519
35822352464
4583511635921
3614812176168
1262635613364
687320134047
806412985767
223519639293
131591928213
106700932149
1761232826174
6189873845911
161211119969
1691044445152
12828911989
6285578698284
1920815801701
1659568670873
1048885561594
2365094779971
5241041296471
674980691520
346057158480
2698950037504
1288469745717
890114072256
176444140328
378432866916
7512069582185
7234854545745
510684122726
1231285882869
5101620470122
3557723016449
5508121996815
6918117144269
11741855407925
3119419243144
4508152681840
232037246481
1102522689263
644618833759
199830695750
339255426899
577406877138
2949769318647
488367257982
22661134113
3785962918568
4673639282825
4894716530230
8116762394683
7312905694482
4693277082984
1483500952144
4090942835309
225992360000
548806631924
2558129446494
638146444333
155249468509
234956869590
2550490041167
688909304805
1264946463625
2006162301510
2935397592
1695560602409
836121900010
4324985906540
1471613050922
230142597683
728796393480
216478541560
1286500981764
5330543964172
859080322260
1827014295200
1502907138076
1450615771554
308015614998
1889435538965
5139222226727
13117802083284
1654823863295
1899260033454
1634755885371
5351361464083
107723996444
4920325345173
6060452097069
4805186810986
199445445870
5147203353636
4906003604392
1898227064921
2883388693863
2734763205881
3484876731256
5963198001206
1789665310584
438258503144
4479174661224
4395402375502
233639409802
1266527587358
2332656074460
3437480292364
1964362949556
8797336630138
2933845136896
1872060811592
6304754941960
3872325217212
113364370788
12801017686809
153847797456
2015377122485
1104860971251
74432567690
652607944704
1413765489894
561389313563
1480072991390
2564643160464
758330248050
3489270801382
2061171352641
1978052777288
1439340549240
1339506613746
350390143660
974826099258
12490145262
711343511112
250695058473
3568544582100
272350233515
2011875837861
922479772324
1486399227476
4387267807970
2025788598947
5833012078012
1316306915110
1943186643311
2148304263751
200861451908
9580130178025
2758313774056
3468145473133
1327150960537
7760704783446
7346869613782
169992503420
5217967318242
2324877812210
3623155608706
7398541382400
2091197274584
7152771205390
14342198167493
3414995742137
982535409792
770314985802
2315982341496
6366815407714
1262470857319
1254982152283
150315964976
2124724014920
5974592579900
6531500910458
270521035392
8170679573660
335908860624
153059937692
94037853344
749272329162
1137016219552
2227924834414
449358874764
2014908227454
7905185416066
4047495113376
320926622222
3437378743419
596311072896
987216698097
1495232099536
462901081574
2247729471613
1299815334724
4825404566525
92199094648
1012947913472
148689184
1161634250
2548309032614
326147495898
71086053938
2666654766270
2019993751567
1526866367783
5739383040885
1169044982100
6324083026683
6456735422319
435978134080
1256488574845
5012290710881
1469018972886
4909520423736
1332858614946
5216663916416
3028581407548
1865645413518
232972902543
2095133753055
1102313839989
319744207470
1371196857066
827342170498
311094060365
137080686559
980088312726
1723644154544
5384356680129
5742392117006
2486912179910
2458634026685
2982932960833
6122565761841
790773406685
11717057096885
390483734094
14143063539074
13529241570458
7152691751507
441091379604
3536706994684
7089296450800
6225377918959
6340571002233
34258225814
4183502382122
1401788403840
1363813858302
2829194187295
219549843492
2224449664100
332383148140
4779177984735
2955280302923
69462097376
7039592330981
2951349874861
839211188872
3070227823977
765899569197
486923365260
790683288185
648249917070
197274507544
288826316386
6515720762408
1601439381698
2416888296132
1855338309120
6453342853458
1188982506204
332504890632
622374443345
3350563297639
75571746479
48706343001
2880540808178
188266448160
784527715848
1473371134759
673031873164
239296805036
859312246293
59022317634
122762292582
830787643590
4407132702646
110593312776
4035315520323
4099020285885
4054506893004
489115006173
1697193127104
2550129636912
9487372438545
6656268907335
4076327178180
246350273280
1769680283445
1185560690160
2832661170976
3108247588650
12509974815
4452026694866
1381402418585
169879374832
189342104980
7128817000988
6299315778248
3580708298363
4552982390072
2016687858240
2292424109687
1192075293478
601190467976
2563872101094
731545280388
1141205829563
3389583324823
1886861573488
442680991200
115477803510
6264152643491
4965759582110
2114246343439
132803519386
837665980984
2434051087990
1859853006056
1613059195224
153501050430
1429377709991
3372919449055
1766950728363
12134100975249
11382975914958
7688738292153
7641239290827
1224555177499
6695493141731
2412784417989
5552155092664
785851093593
1344945784573
3062175836682
918784937439
3057586744650
2145139062123
932176685461
1232372418201
1774230394883
2380208915416
1679313294860
3003681251129
147476801220
1222052470450
2092119000359
707367148650
152551204680
1581388223234
9995544363
961014454356
1325971567881
245917262967
686993332156
492576238908
215508555402
399139014589
1988377632308
1603649611430
2976563431740
584850409968
973520219818
163746802404
1660092798120
846839156464
736258282903
1795589587461
2880491199690
3674210019675
2805548204025
3563704900857
672792366816
985193426670
164775097839
53156801688
5673413722044
7363858673071
394790846148
9270558671485
4470970037441
1668058242270
801989876675
6256456084
5920680732631
7879195478282
1565024763258
808262135967
748232644058
692893713
500654672704
5112580301019
721633848635
4808801315048
8081416548492
3665832912486
10081921225830
8288975353737
7218128911332
7899088886148
4083592471016
816730641829
614494262896
10525419104541
305507513412
6160571773761
2490255070984
3885203509365
6454540508636
2918724387242
456711551816
2964271645498
241576144531
11761223365044
8468534022735
2464488946360
2499473805220
6420110321464
9286058117672
4837256274798
6300694714948
389959946858
580664051792
3318001166789
1188187633017
1413610080198
168681255491
518553352436
967421513111
180619917516
93306380013
469556236285
90368032930
901647230545
2727758989143
12428749593
668580436045
801429885582
2035447660826
89924508842
2407010062108
12928956305790
929515944776
12261551174717
1334372916863
702212035046
579235115482
977365468750
153463268896
617781652298
4123486559521
2465627194464
76458801978
353059293104
1554059191977
256474425011
2320569021785
5691396645077
1834916114875
20813545800
2845022048762
83012573280
12325010880
421874437613
227535138691
2767397771421
11461787222384
5675556198862
7706356322269
2042453307103
4445780649651
6555355942060
504142998557
2318972444796
376744262287
12745848160
6181917958011
5148723777184
5036787113190
2838472939296
2156218382162
4196661014
2077050768111
884078456038
172767580534
3706601926953
1512574298424
708546240
2547334674590
5173455014010
8433364682527
2439022282872
382097771160
460880816760
1508202929205
376681436775
1758915028780
3599802206692
204616561886
697321489525
269155717047
1082023497843
920236850676
7843390382704
1053757014272
320714441684
1037101030256
9938816960803
5227871296000
26605098589
1434969798230
893743918682
8433069456465
1457013985235
270012417804
7233846834282
1105773021812
100911249604
1701527350269
1712306252884
995706669900
2264273021826
1365031425760
3555604223224
470307982070
1954262182681
1557077754516
317910351945
6346739066042
6377828112027
1652317277031
1891477670909
111859894399
3330654978215
6819757560
96039135426
2227234953607
4777887534750
1580949582545
2363263681294
806352253462
1494461406620
113724476802
66081701095
1234329461028
5375962615212
9009535583968
59146707241
1538652959703
4578070356404
6437237577889
471253008385
10017136931683
724740827312
2342775955944
603776648851
649427044576
141308744730
279005284916
2387878279590
1572010116870
400350056051
4308866073624
1970186022648
729715472026
1693753326212
1963955698362
2067435995950
5497808009472
6896189543
201847645655
2153839580267
45723556450
4896351040688
484669698370
1886725016861
11741225975972
3119177887280
2538904389060
3303382775724
3495885123052
0
3220841075137
3476047768307
7921551437704
668056688081
2322919441327
8022723969354
895709399041
2670212309586
392503798246
2320590726222
2061710058765
3654888334734
11016267462210
1420622525403
2152671654
10642477083444
6657625123616
202989935408
2339582414097
1674363266360
3082746128907
2549585773314
124904315101
112943598300
1963211002689
652093851348
192018213000
8147613706920
5679696583872
320832752314
20434809117
173414664525
7629164041986
6345152928301
204654951234
1909712725347
1574740462279
7678194425053
1014887372642
944633974999
71820387925
91468185758
377122327868
1130509636031
6171220191122
12547272782146
443903602954
6621315839004
7251787676651
2015684566385
4999458936115
1275820764988
5314672717494
1583801070190
3405956083252
101217941604
826701201936
440303429160
5941573813119
886899663251
4835455923429
1644956758744
225189778520
1973059853562
718377264547
320199189140
3343098108323
3704733640276
4313757712775
341002185894
7048179441567
576967069583
1565691620603
1238505822348
1532032942511
2984335724177
1180419641390
3628299996608
7284607872763
2435512784957
197013475113
3696516787178
830946843156
15339176610120
3801210300375
9599563279793
1211992833345
2800650199764
4722266335394
1138349178888
7073642352823
1288312186417
9109778037526
1451213131500
5131133248080
2370655447768
2199099471383
