0
3525353406865
5470030636530
427597506315
3896366265855
1804556548620
925367181480
1224184360250
4453004546092
3261543822750
4356111656302
8334872240
1267901610202
184598635518
542394225195
4021026076372
10360008399263
15292289000115
14982272667920
6188110002343
5348772831170
9716927112170
12049078518996
12192193175005
546503363304
1348705415916
1709773720031
10591984590744
510674472936
1213763843712
15677144851830
3551224350289
7542176969448
1664942050737
1012471194256
5265061336642
5874288567510
3321531308490
13284282447752
5267470255460
701606073410
49591682498
9016559861904
235767155360
1795763370969
4348653605205
23855363127555
206890502735
2754311924146
1352508380405
2848832821289
2832499141290
5095311394810
505945697530
3380854094420
1916219531590
1782371475959
1038545281818
5762401451467
11767663271042
1564970438442
254712811512
326988731418
4846064646873
1011636565408
3261594174248
571920064804
13331095547891
856536053185
367552588494
998925275996
5538608855138
7105721224918
755271339019
1328760434730
1131514291684
3890378229561
565732482393
1225112856912
7728295433482
3615586632341
128224805525
407580581185
11361925445610
752776711169
1982470832697
5076946153727
696660638217
520644633375
18590844472
7859100769908
4691064958165
1547985897528
408749542115
2975446611806
11778965009307
3805110370950
2272848488302
21324375408
1048505350104
2387666275003
8516394772735
4967854633904
12886440218382
9096986596538
3977181017779
232248526623
8726957042830
2045452521796
859139625259
2905751054206
1085665229044
11665806209619
19526011127346
5084745778135
17120148814908
12131150502942
18203224998957
1370910757867
13158890853136
752033365790
6894605731619
39423993236
2434598270409
117125933393
13058247573900
18324633337332
12636881214748
2135071620900
4787926513576
227172217386
4613973683112
6449765059395
9829606311230
4055380533280
10214215718450
6613497966959
19935098395888
8718391336650
18883891902242
11760575720895
9259018156710
7734177342488
15767815145199
8202399782264
1675839295978
342937413640
4817875090550
2313585954790
203085124745
3480553769243
178238386035
31545671794
1335821701870
3111981816868
1975872825282
1147145461481
269272674297
4940970358833
262664483733
1821060131856
1311175841221
4551066711106
654161946289
2838032329424
334790821088
477089468432
217967570402
6678137650983
22879649150208
11929118511236
3845100019381
4978154949842
911309281696
5290840915198
23453346229625
2909803136636
8572763283499
12700651555362
9949157323417
6772485050477
4774087586717
1760979106968
3953835642401
589470279621
2749737697501
9881844414544
5655743390752
11526390514370
3323811597357
167870191132
12444665082219
917915351450
2772795035979
14336278776941
12747802127227
176563527619
565672705668
6107745069735
3354037528545
9172281649529
560718466387
7820671800580
5418774262436
16717756868858
10869079801336
7700109333158
13982019258500
3723900439908
10515546415799
5989298622587
2438763997283
19762352054617
10463271354570
694686202248
16721327306936
1289033424385
939788173206
2724124418919
1081063632961
6418931013236
6108010134972
4230099492488
9211755871378
15310995897868
146315144521
4171133549604
8104790807
2861562919
613447785944
6955640945262
3979848106726
6446153961542
7280289752472
12840506316
84922439499
1358759031984
4478947768179
3759328131671
377103742578
1036213914141
9010244515133
2865224689005
701922691725
22268468826
2802833112039
542982485500
92586276027
1381468127084
91086351084
3733462128455
1265055979432
3359523830025
1101782579653
4577524950950
14491881166
127305016179
1150169278115
1012795000565
1583767665494
2706892093254
6162692527867
459758345035
3585744550168
3167305885921
3084990372037
11212400764341
710859913916
384776232027
15034849803542
2373463766695
1754562456770
3491448229986
14932480783871
3146757299584
52853132835
5039452196160
6438270728550
1192084352742
12613054598322
3662858073836
465665153564
847320775917
159320506368
10067978391234
13473837463312
78121352239
2031063904242
13085110312173
18346197279789
17393881094161
89449786140
3767869155350
17339826565013
2379201228498
562752332632
908700220008
4936483434609
249906263725
1487978465867
18529635164
609527472500
3615244771521
12532619835385
459689704078
8298290051960
14858586076704
2119384935229
2241287595298
10554657591484
2531518540476
2412211706610
3314998593861
2343865810296
196240833600
754408131401
7626599210761
1711857318301
5223713388146
2883854355955
35575044579
10310949599886
9968005812491
5492510798284
4417377392904
2488190740619
322687256535
2255047573161
6604012097697
53853360980
14175157405930
2529391258510
11725694735970
3240834895060
463600736576
147874321486
10139350380682
2028860254398
11242993183689
2886534200451
542646668331
3494050704421
1876477306226
1966344204738
1045538705968
4512018419267
3392269887728
6843368990529
1222991057519
3316144648359
2613129951262
1302839611220
189217682310
1831560099056
1438215062638
478759639856
62084045808
618365110659
2873844270
106749263874
15823265473065
8300210683945
3368852801760
872167287711
7324787876144
14062897223357
272139666729
3707235106202
17407793538082
1709089289589
400957263910
641061754400
8102986887855
18769253717089
6655359810177
6633147150
761580296998
13017229777125
39671785681
6744848616189
6183174604209
1121564545408
4412443256559
1091248159833
5099601017392
3810570413046
5517766673006
14933100026418
720724727001
644912362777
3573819045231
4384789777640
466834235640
3165304534650
2688096634260
1102591848896
8207715480014
6375416260622
2856381557690
111731091484
8100896336427
1977118722890
5037740808905
4488773114907
149769371493
199349636297
1755587391888
3115707428746
3577419651612
9257352008716
979220689000
2410956538752
1969355548170
7653104814350
2264958564
2588256241427
4419486894235
8918492917012
427952303863
1756222255795
4292123212730
5952044746056
1206350240464
3332204207636
7122474489338
17951071247862
2723707149170
9159812962965
118544582670
3634286663163
226425484740
978383517440
8132654829298
2803477266208
4833061703729
8090762339133
1330393231810
871372820220
2909737214735
6985258198914
847742058812
11609965361997
7722409574448
71991033858
5835254846786
18318425461406
2991771580608
4988426004576
310770441774
3532677531733
2360543177579
1799541160192
1045132945568
172957490460
14954341562824
475212318242
1775997156770
6900756133599
6199154887639
879771888558
5402975772709
5331469296332
829260831084
3056632215600
1596773632410
1356530594398
10185556808144
758254002984
2941782975300
6322518790968
103559507234
2586801758364
4942099241431
1731524927112
7137871803636
1547754547224
2325880335264
120065257626
78947603430
435685766400
15697509877349
10776696263625
3816167812125
3552658133531
688845763261
3324358159051
6551834554020
2273437328331
2929603572740
422074087736
1419564153371
2106187345640
5926619331945
1942417338667
619645240115
13671432205817
2500871697688
75663547011
21867625570900
10772653271778
12041164854625
3312356223386
828337268765
8611036254072
936874981125
4303756379729
181943539710
9889856107394
9247736937015
314163389349
330891518734
6538216345384
1218886768974
6857241907356
1521874681548
3204200107800
7962893970350
2667439680725
7036689869357
10237597153491
3280168210172
2102479270535
862998063744
32965419152
1060880037502
439794116004
968160608388
8658052502
6419257767660
5832457914300
7429858656895
8949206464733
11172258839017
5502723918
339880415272
1810804203065
14925834624071
2923454063264
1339479221736
3416117983832
7125318127769
3566160950795
1185292224814
4035577832372
3211336560160
1531686281807
10589494740604
557385393986
519220928408
715787301782
389044577789
1703678502340
1447151813990
32360203848
186354873353
765931041078
503751050398
28205853354
5191215258836
11949053854536
8407633883803
270275516010
954187707000
8014662042173
3994559055462
6882010814380
3471850153904
7366061082577
7600421934257
19582770541985
667015362464
1263471900270
1312305377240
7961317271328
5059206783072
4903495581047
1402354352172
208150590610
17562883124339
12837750634423
10476152820199
3821194130058
3750780857547
649112837334
4543303707326
381982902288
7264286644739
10959914650994
4565977824864
581362491489
5300327003192
5133046641101
8065474938134
555192613840
538919541608
855522453692
1990336712253
629394433164
3932130166105
976688829768
480564064617
162886180970
1894857801035
592036828462
850988563662
526516973424
854629504284
1167525067155
1111812420850
19436738573
11327370824
58107941240
2421718046148
3425499978662
4080261352866
268849399406
808383347702
7454431384636
3705657838086
7083718705535
10019417963882
1178112514295
12382514024356
2551308947362
6062583287301
3279687019802
1045761840102
4581343472192
10628773653918
5613113957837
2850864809235
153596966640
4362449526286
9148422115421
1135039955854
746173542114
3086219511440
240312673092
800468542656
634681226340
3572309067676
121906839768
188197702260
277746511224
3417186573182
168070723044
1694629176396
911314706502
212671293177
1270852583767
201572703531
2715067995803
8039421948000
2784945684960
4029293238242
227166725462
75422058810
3100875081908
8049767385214
2266048855530
3509096183307
6578846553063
936461154945
6298834558543
3713057914798
5002322708572
14826070050
7422503701725
9013920779401
8127005735386
2729848654617
215506672866
31264296630
491396857936
5616204063414
1965642006838
7106507532542
4173183038423
6051778150058
9594613857493
1707125494713
166318905260
13063787663397
8271501223164
4449194200016
2522882678626
471271571764
1622277789787
292916899960
896517019168
635030733959
124468523968
1555675860050
3990316154274
4228867307889
3323711804798
1616249362172
65467134152
4768264976544
3630662111427
7180698817782
8420167874139
307467585019
345189191144
19167695787660
1281595471905
167642773956
21368481349420
8999861744852
7374602696217
4233507444145
1652577440233
6477975187657
297549683552
5520137997412
3442925746326
1894869075597
714778022112
5352817397458
198370273376
5751325125880
8433791881985
10504035440
56962809700
2648089340204
6752645710740
11137719398566
3200162812148
5335492036588
1451216166567
6592125036098
5898852189725
4032972412598
2995182811810
1477595066459
7489072581292
7761859804666
8788106740235
3087848915585
6456944032210
4649769782075
16121611196141
2301029186485
798824475686
695377767946
13909837010915
2268738627868
3881841888380
4316480319778
5107296969660
1440960407869
5306765495539
264101469841
4871158689436
2221614329190
500860006125
566589889482
4788092650927
1575649569216
6647401711876
3575992226820
9998699366119
1531685325944
5720106498132
626580732863
310446948334
620808579885
27994708404
416061205960
51004804580
213245430130
26988580640
2406412861275
6341125647413
233309423232
6772190395452
2552077638336
5968725604088
2452394147889
2232129920512
793454698074
1104467708224
7031638963218
3154205252106
6369973119791
3743539847530
144418187298
693061443826
5675796293076
2209516716075
3697012814553
1566504313572
448672521816
3243068087040
23178624282240
977663699532
1488960487479
420903037660
983032665803
357114299760
1186338010044
6694326619008
5380260135340
1561752465840
4758877764689
217125408544
9420358234473
395222076296
8797909186007
6107206813527
19127473522
2100360066694
39843865620
4300587738431
12317686911034
10330969971589
6193563350342
2825215790991
414138713787
5040149219981
546864711309
1639640533054
1872874668159
700060807941
5417141794646
242901470206
1201365764469
4076114242313
2257040031022
10237216016
2502194464071
1965463110640
109984187709
1584261497861
719627923521
2260067089436
741827384732
4900666585129
135940211460
3283189229814
7469564855048
899999150464
11798483194326
4496358276970
2425710639416
4026846214531
1835903052217
255383285745
28481887805
13677503894616
2639724700547
2530800488772
5547557361365
2745832635982
1963796568984
1343046225180
10105265359525
5464565629698
5269782549240
601023032148
2443791638330
4505877544720
2201018832145
7643025855376
11363166180816
1114608456585
8562179107503
148027629568
1918011415006
3616396212586
398614377990
12652559155158
9226178802923
983913310461
209466949596
29739729018
135045049182
4694262328
571837455796
711010408900
418608491016
1700024066324
55652886432
5294777763262
6475734510070
55933961616
134414487892
10847049013632
223714603073
2883835170156
5910237917801
6685147561451
1794417644556
5154247434380
8214149767443
28912655319
2863379324141
1172286699500
4850299407484
4785391269717
415330224960
623498244858
843960713423
4759537944945
5806309079482
847398925914
765402272038
12249246537
4327025999772
2734381237625
2971446432481
458335872680
9977982679966
9506860421383
2022701706560
24654425852030
2339413910740
3411045711643
13673207852877
22909772604454
26313269139077
2251809471840
897407881554
3546205043730
387912809890
445578936537
834132058179
1130459765109
914811935412
977065541170
2243612406936
1373931941752
2731584054504
7969526305023
3193971890679
315324416136
2742586080000
14227425144826
925622802000
2120899851888
62405924976
5150343950702
5684436904190
6532044342903
7013543499243
1259629407995
8370112712927
966690147012
7345274493848
667452543076
23811774726930
11207960632056
3010387129768
1455281424566
6886615773854
4213717160338
5488258592724
12481579266628
3352107953047
1990205943848
9524513541275
5646295854754
353241423549
7460026666816
1593126095536
1146186923100
1133496983700
1375804315896
2275186210017
17980844690459
21211689787571
1109831052231
56052073345
2378265857380
2332431974044
2337220245976
21895354900
1873593132111
8598038408411
131736475325
4260895846137
3989188882439
3439561794816
6940098743918
14072869166981
4210192332962
3757921174764
751978964600
213458716336
125397545125
3097274194054
2065416857779
7095677448781
1451448264
272181107792
1535942717532
2124904423940
1634311737275
4743126692250
15184640595500
4256502033262
853546945170
2291706115188
1931040119458
1819440275027
729681444576
376579953248
4362499976369
11245729443763
80745366052
10016083659785
15082423362018
1157327473510
347490786480
2652980279778
4490059237023
11707289787693
11642825806537
9379860426343
480354677093
8929362844144
2417904672513
12674116794746
15073253728579
47458927279
4157223753518
3594380933321
21407697578655
7364366771840
98044488770
4920922156806
37716689968
13528007796816
3352261979676
3609388242944
13784137600547
7629645921129
2146377007235
7510337422854
37664697192
4584542983332
1135850481942
1706910304960
343778040902
1037592394040
1246214150788
943902845270
2286558587410
1214097417712
4328967670584
804047918804
1501310596528
442046188525
2121643120600
5478385614502
8580470016297
62337018334
5343129519995
132102479783
12582635697729
3832311595120
10504483157295
3576394728033
7304733067219
780597191106
1147839635860
1443367365560
437828056690
1397940021907
2798216844060
56793609951
652623886901
6402108287978
1900310924905
16770598766818
850703675601
3749645141788
7907811755468
11048977504824
5226390197459
858021917848
745018402908
302198312992
6783930285258
2342195754369
11868025181330
20768856833315
11109640037056
1832063656226
690455234770
6378879762271
683902035245
8467615525635
4053471581916
7485652342201
1533845951723
4470566851800
64805563872
400753062280
8716904365835
2096494831807
2600802197826
456164211590
19082196709610
1372529486200
521561204756
1400375111449
2925909916464
8031279618504
4736567970752
4591433160700
6267396417804
15333487594706
9731327665791
3491017953282
9085082689353
5531036852347
214150437570
16690643201928
7022725868237
6712482115885
2041139066523
3045294788124
7875090830449
432615772292
5808745943557
3845519704637
4787416237107
3936995140498
3936609200
1489264973766
211817300329
510334489417
8108962618292
9407901261155
5731330809457
11059475736041
30130243596
25387520067
1257008145112
210581366028
12004123712903
490146006438
606217750224
262101995694
2553206112718
872756197850
5547404132219
95863999624
2664877373747
2739213908565
983700514506
4032774106942
8852682038018
101879702372
15708625116000
5984662150170
9197462008116
29047709440
1514364167923
6398376794673
184220451630
2320262213094
1699053573340
7825973004503
2092465668804
3858437041158
1632005480280
363096368
7673059930605
4494520398740
4392991771850
222496906968
250002214112
959446910926
263572511656
11336776471081
9362397915104
3745487006471
1296579577557
1496683183148
72483932664
4732034180245
6482794342993
157300022080
8992837334809
461056822041
2414762495870
702374465680
2382140473487
15658871260327
2056781984114
2544063711061
7906966829244
10639048982097
633853763095
9822081502194
46826350417
9726361392347
3982384458568
5917084422624
1646130064456
796494798370
51916032976
671602454890
6287752262154
2357443130928
384105177938
6506702582378
4085734225876
2931250714473
4222702258675
5492000868650
14879505867457
11500393250977
2667203604155
12273863828306
138889083128
3621253355760
5604650945336
5797842261979
5476690186513
14423012775188
4144500287156
1588548232710
505257047160
920738343357
1488828059230
4120448245086
5796983867423
3736033565197
2615281338742
10395917800244
3970903564656
4736380771868
1136483181855
196719476634
15024052684224
363700197200
17542386293709
1854121703694
1435449775092
1720027078573
423196455327
314585814822
523721694003
798951232355
332833611458
128991434679
1082256111266
5063344696632
4894804698291
631463585964
12233240169131
4775379757451
5183329742921
12043426810291
4373644413720
3387167343127
2730880223817
2527553677362
679174315645
3423997444403
59010472677
1154921902982
4457526527330
6438480246222
9088873256741
17491985925666
6185161447933
75638675421
3987956405764
6346253353840
7478921781502
9686208401399
1795601998348
72012739840
3759166747891
9011399115282
2898888018336
11032006907407
1010569280160
450722979118
2247716645172
5945165987841
4078997016255
13822621665358
7196338614608
5479882842720
4288447935200
3305474548350
5894556880358
10354550254041
6963966154902
4347648809792
718879506467
1562462493501
6818176412843
14277329736491
3277735628349
1055648197974
8076523335824
12526726067181
758866534062
5601986188497
106170547500
238689990000
360194269223
828177481375
182410956408
897406990905
328152666460
12229112982389
2197109142053
255949190342
113314966622
9467669828772
13349076362
8086107730841
14490828219843
7441691337720
987161532318
6212936821625
6875575881091
4618276900092
13891537076243
155966927189
16646775961632
12838457759852
3460910172620
1468853924940
4509868330721
7591037015655
6651570746732
983268994473
1222131736710
6932828543800
2027624110396
2029896023599
3993358957458
2319690113281
9795763365594
152392169093
7301299092767
3184634984135
4816418496263
5737776122561
5150391119702
828398056889
452959560266
5614662534827
5783097462464
1629848091236
905402044247
10074489754076
2512037202425
22541317467
10881451516926
15264753486786
13738841749828
12194749260445
57015126990
4576440107830
1889740757391
4748967622286
5399457497451
681236526672
3913762320
12713082744688
200477817188
10716065387680
176748459984
85506574770
1484598245544
2602154226291
2089261617511
11125141254102
720911528781
8828728153491
7253496264
17601879404778
12326800987365
1399996376854
7332024305331
366102077040
400790339165
785239786
266117466558
6558985850835
21420696223048
10958576236596
22312387281366
9326802525937
635900510094
6090784588177
6848800378290
6688889092322
3478301317299
4035505654455
5048013150279
5193174379348
13334883089423
130667458680
18467710799756
1592125637520
6576346169068
10080282884364
3885361560688
6170761195353
2408148388280
2947961516928
6943479506769
4118435132398
516037366595
1098551875204
170843206645
6067223328775
8741348038139
10565030913013
331067023000
1963553286865
2842255959698
12330452687968
2265621846990
1452602196340
810186251387
7006150474500
488983801497
807872490498
4182718840548
187534452224
9334630096295
3752989979321
7610341497204
3193045177121
82738941345
471772622206
3192404594528
1385556089416
6492880497459
14789779703442
2905705182420
2614365762455
4481659643610
17008465205628
13918785209900
903219435612
4730663905409
3212413221375
4198241806256
2659897785831
15870119786894
6063909478447
1222051673135
5405316014230
3746957632935
9092416605235
5193119503910
1445522501904
11280616107471
2622960175088
5360839977132
316504116026
22140192536
636449579114
6058457355000
1131360488845
26920461379
1122851411766
7268180592199
2640525835662
1162431640668
1422692857557
3031965174160
538799500036
3349554705165
865213106748
98624494024
2652952833544
592864720627
411901755084
14540567146923
13862165608188
14701342114150
309747193564
3567580074044
94340181851
8097087489722
125182512932
5180213947280
318372243280
7784666734212
1028633002623
2819343161764
556976373514
5475589715596
4953640320566
75240891600
275958134136
15150238717194
1802484965218
6602746619376
854436382858
5174956596694
19679462650977
929445065354
6213123673386
86453259760
2568425577197
5222772253680
6678157299080
436161222800
262937002560
261688623448
4106790073180
5789370808201
363275164395
6323661775851
13058507342285
1035251464724
169955896320
5669646067836
8369731879603
7933677581313
2261020661489
2064691891680
676896883938
219332466556
532097317998
3837690494477
586799394720
428800687182
140206234938
990595059025
9058696075
2227005942705
8775587102040
12231832163734
4364020507316
7207845288117
2947181111024
8199229102277
851437343703
4520815383182
595951302048
3848954316038
5982919176258
2081651170836
4509102884040
7514480742205
2877212356155
3890686187480
6806324482152
7384743010885
919093072910
2066064999960
4842578123510
889009855860
854908069416
133410677566
9586062514799
1513334600299
2055191801670
7314676240746
4282237147640
1009081744488
4804678944392
704892926500
7118677836622
1608415015672
3609959979639
10014180110
728262520586
2990565282805
7764805091194
5335949863174
12130480646680
4996394249550
17720817448517
1504920943200
319039458750
313727400349
3354877152900
2758864178850
7080785380050
4468246149300
1008916607062
7117952827911
11646531059734
4350090528280
9991306383050
127062398790
136512354395
4000607777495
5403825783768
5914680550508
3189970050240
9283919539451
5169356550093
2368338251034
844782226414
2842610872042
898139242471
891134195796
6329948665252
10058127239160
1744414554960
18107705613768
8806337949024
3001763553241
7149987137995
144783475900
12853828451809
2368900350008
450992181568
2538800485749
1198895349960
660614180100
1700640301426
3009215081498
1881245415285
5568181652477
5172150810157
1561645943874
2807842314089
982752674358
7265053771746
17570423506543
18529581111449
15950983745294
21961689204
10752095030833
117434799720
19823033784683
5728861970850
18951442650
1532583760794
3036173086414
16711792294035
462992896928
2257897487213
481764970036
2607538759888
458108737701
4883776289061
3921018497482
4346185123309
1385561155547
2687561227575
574782629636
1045372014213
7291117302632
13503240254882
360975841262
1007225577108
413450783656
8460491181029
4935217388514
7887050985894
889377127386
458456336058
2204968881534
13463521760608
762222563628
3183808232973
1687433631334
864766495800
9629384704942
7049130163189
2732413586334
66976563245
6941576703567
2896601328474
5784175274955
4560229168928
7962620974368
909924463552
1425271091482
2967791073404
771363843940
3443779005833
8439327960668
9564733904703
666581253450
5177232297598
2912433383538
2045547619857
1756317360385
5578119158850
1839903178050
2785433966350
1048844222370
3884710534888
8007240131836
9924472443854
3494280946934
10424215308030
1103427754312
6229056892177
1971455859672
10748899216046
5812929673930
1996371405763
124288886774
2669191490091
206631267070
7043101117491
356633230075
54054213004
298702318755
2365746459220
1779756750365
4521661650951
1219450425536
5033221166081
3787784242509
3781619083501
220161007612
95916984590
24738276934
755020587922
401569617156
816925046150
4797384412698
16451763300090
13297229551116
454642963496
933057313542
368122658596
5586907587405
7589816404206
6320044919593
7102046127660
6184791441692
6595160682544
76757112684
223958039216
3568107056004
15319553064651
3507895022732
1601785174272
7866542450148
7013245812503
3017033286374
2587682188980
481420299594
3695446002884
2750618194504
2188602375410
7206227456161
1805468823186
9704370958920
3957529200
2038461011538
105339457806
5723535828590
10743327868153
7232116648129
6222903442139
6629422502643
5266710199355
1705251035529
30066204498
1254011066889
1261600620294
5715770708417
5672914274618
3362668128809
572368906100
17365217612445
13543968866706
331255742535
1563885184398
4334336826919
2359287816127
86206073375
10202832792944
1457637929736
8521067756133
225515087949
4919384743390
3257970890638
1721687968164
4602714669638
17871857123976
1199422768500
6107812254040
9354394639238
5898209428474
758504259443
1800051081975
2106803607113
39671287170
1134204705677
7988601663
60101794500
11762508833255
7561888165560
3181723600630
11783272019959
1758572501193
16662045426935
8331845076636
51463984863
4595260479710
12232096306878
6534167520546
723307893405
8244482541593
289975265690
1303523397124
2387239491458
464278160021
222700064290
91990785381
9474685889713
94862066066
315283640452
246459141687
4993462072180
9516463944536
5044090648722
2481662476698
4918869076
14874014190717
120870765659
13502393697306
1317534286620
10080168552538
8747757314200
1506502598500
4014972008873
4760195880
574794482479
11429393816967
2981555926270
472013590404
273864879000
5631277129335
11035411719645
134223056513
12872641217364
20047320873718
5449860042606
1745405156
3345534052154
2797466894523
287936220734
6064358963116
701084383394
218845458335
819607030625
19228654022102
1914550057473
1147614306820
1755672585869
4258982292245
3108017846486
88491823120
12213850803940
5619199998926
881449655200
224207498772
8578374872983
869054017065
3143092830311
6615378199444
4159723421820
18140353038752
8196464773175
172200170408
3473339952278
2082914944728
230770298848
2722379275843
2694312291264
5494838524946
204490491320
3056471102045
654666351057
1936574972095
2744368901895
343453642880
12523924595675
11583326700972
1412792040860
665158987650
1987429826772
10695215471801
7966156140383
326323073198
5638016566140
1093366349625
1853407317260
8212691483120
763238910154
10778267308268
996004545524
848431596468
3182152180044
1087987553328
4629221004458
1835172457300
562104404878
1821591696140
726850045630
4959820360728
899732205714
1155815844218
610655655070
736278926724
961790735666
953084894476
1435799009908
261180325455
2295233974357
212314809296
6289790913240
1974480214320
9682039416240
9127978749867
4978416620635
5082850184447
4507074182715
210818835256
337690116
6129477798841
10254064436368
5660577741237
8212598187817
13964171803206
822751060935
1684053828606
1689002126638
161708738909
103569956295
952966119071
1254690000461
3327775415457
13842999882660
4585552945866
7446017125136
9210807371919
68832937082
9118145128689
2975710452240
5445943625687
2650127027880
88404290092
10210138141942
6442839536904
1906434875301
6467231938869
788714586
7044071057397
5511055331046
4899859928435
232616981090
642045093126
5248916654734
1787451739606
1966722998616
2272038692172
14120562300015
63680071194
1134953342391
8401709883371
10058519690269
7977012285965
11292536056682
3098113159243
10560419714634
2286571114175
1920591867467
1237898019254
7515157687766
986707693777
10747014534
1538568604053
5094477700114
7196227369350
8776816003184
1201322623896
8495939108539
2492630822916
7339038245310
3848917945414
2214284288353
12477213280
4088258003912
2024925711312
8454350851184
6992449278328
23291531859962
1681434925056
13239238440685
464147620672
513133216875
6059407705944
9504114306048
1490959874952
2755070967852
7899572226020
283089088380
22098470799899
561386118580
5232453219482
2059650939122
490310685863
545943517088
11746688730783
8823332652116
3202440286144
851659858368
3536861112716
1125575882313
15712476701655
4230500844435
2368286652503
10577335552907
2682207645624
11670242631136
8672314725499
2397017213034
11982183002981
1423360614384
821671400088
7891005569131
4853861308545
127548541296
8050382843330
7802804566784
777403486467
521071426728
378691027944
306836839128
755269519050
13029730618785
17769041389777
1573272802581
136791189216
8694243370424
6007721148
2135694920374
13176614986172
587208995506
15468221874435
342658937418
4388604740111
11476706423856
10784034423067
10720191420777
11650931173232
13894852093748
5922606129124
3636192254567
1248712159338
3890029547636
2882632110071
12430068890808
3486186995947
11675102175036
10433003330880
2419825038150
105069864735
5166490911037
10185195426190
7453581552534
999204006060
3499414608540
1459367006311
3701135608248
4607827797031
21354009148322
2188680410172
14585739770881
16401642042470
185397507714
2102287262562
1534421798720
7123388948959
16591414479342
3840086191373
13829217492684
121245798674
17064924943250
3443954289419
11550602961430
1259115049995
12210254587709
5583211871962
3351170902805
3557282873123
207259651995
2197520145810
8440822933130
2873187544422
877273735800
5120547822126
2147162784078
1343028930315
5880785966640
1639988141337
1989345337161
2342092248843
156428343405
2978970710095
10855415283903
7764786814487
2337205379084
3176390193166
658232524896
4326243614645
18026246865650
6272505035717
404086023147
23127397689879
5863252738137
10729975708095
10309749383942
5090906722314
994872754470
18456890777016
164364025650
33052300962
1078825695630
6625354209860
85326507448
561093787044
444414471048
73371419866
1960071254024
556205172952
12339545161835
2756700137467
2036414017500
699434751720
1187196973940
8231619822220
3405129512213
6955937734311
6161644639798
946394975553
5685962126
3422480325025
484611219768
3001832651448
10111634428988
16737371800020
3198884627106
9356110141736
2258617591179
807791710752
453156039392
6372148777476
5681703035905
10873965604335
5614579266556
1500634498605
6240774975592
371871767639
2352156828135
2224214287334
142422168692
7845636599035
391838498480
11866579051499
7302837500032
1526821500868
2724453659759
1674075815288
5611561002041
98366250573
2305620591193
525284456361
5562099135377
623660177350
16355833670510
43442215220
2140447132943
2615459472805
794635252836
898684615152
485222255262
2471496672875
4271483871153
3952348787991
11520639344565
7292831859518
11905940618384
8585399175058
4896979363304
1715405481258
2563773860186
4006106045418
7785556715689
4912639142023
3234752483610
2236228204067
12226608674578
2320399416367
2823578785088
8297844671115
631218222384
7165974202380
1752713392338
76861851506
967872970823
11669265891180
1021582905495
3264210090724
76715529436
4903583411752
1867965519332
3014906305519
11480868086680
5144482990960
1503089271
4063351329270
3776261278509
966375201375
657465391830
2043291240060
2831563084484
1316303610512
18321973762167
2642098159539
2180255584815
1198282638632
42433515773
969835141187
3698200028121
1907093084249
2479681460446
4815545753398
8036953831010
26034339823697
970670779066
6123532046360
6430272555720
12579347762502
4147773046245
17063419905477
1179124566602
259609639996
443536986990
10461304297985
1225911549958
1016298976065
1201323835646
6941050191456
4128625752684
213211784898
736674766259
77044393846
8922516454825
1362944494098
745160742120
141156840210
20263950960
423010525311
4375171230
12199337369487
66011355400
2011312201743
29091050810
101945916790
1785826776937
8047379422725
8344783417950
331411408650
6379820985644
2188926685484
1891567256114
324608779682
8178765952716
5364278450779
14003796707885
67708205010
14750603341699
2782430885634
133600481150
8820995664405
16690968584805
6345376631109
9991125622332
5635745048884
1296831496380
1488939257440
8225814793182
2768456214580
10060145507514
2133086910000
4314732350792
5477529058944
811983263212
1122030526036
983904309051
7616697027486
7248112034098
13549754727835
11720513488463
18071964553094
4504531898776
6919760935129
4204479160981
5411599031458
2801293620424
3901523842267
14913578603380
1055616301086
5774173368881
7486731281132
5750876708743
11585359863058
6674497991729
8155459223135
8106656465924
1453774458240
2158202443300
1663945459560
718332855960
188245356906
1489215587370
2901669599952
54753947906
10953101853442
3939857545587
19377034310254
3606936516607
6396968018449
2614085585706
6069048307450
122824459919
160425079468
27176036551
1241349559650
437990918904
738925005114
2851821983773
12837188771842
2725851913533
10095597254489
6878047769563
5664497961701
84242555976
2513493635650
18295993125695
338582904396
463090458920
3232064502149
1455939706416
12996859115814
4163273331472
1005601454310
10569633094676
851920765
12744805937097
20930954308817
19070781908490
5338521828628
4888289128320
9378464489568
2700492764928
2167653955446
8603328429192
2382879008464
2394541601560
1001653721125
2207880484588
9636055492474
2853713962701
1238279682539
1721121940090
3683926711772
326692707485
77224024018
975249267
12225379058
4694254171236
9406990256914
735589131180
1524529058543
6965499124232
209435484361
10296414488732
3157689616518
680882129190
111936655102
7504844022825
3756257593983
935449523571
5865986860334
5685780825268
3620275511776
3810713705470
1819505121605
1419366797211
202968488625
3663119230457
845401699025
342554678207
8733508280550
3087462735094
7999318078121
6341174058338
3776978406465
4328910540096
2673898134681
9783363059590
5430289909994
81696799
7069122134807
2079191326668
1342930057052
519929568417
9756939119966
129426346224
6266677743371
1358163152908
5356896675010
14974507202523
519057985704
1497521684013
8279860198896
5226213168873
1552548535517
2480331507969
673095388426
15089114256
3008461242586
165873995448
635485500375
2048142697384
48915111540
261783624545
2797708318844
4632481207003
135878988018
1851667284476
3677808791243
1250306535485
3329082698407
3709844273185
436804486066
7579825705358
1213983992668
760614519828
8761958274222
1206673698796
1030458331626
4478288908126
6720625915276
8881547371386
6943865039810
11548831963881
2192877546158
136437879905
5093818666811
1893251775136
5537970187641
3131614826418
1778853238452
833477700000
1928488877856
4654959620808
2250980407417
4894443033962
32139631440
1499122373019
2400997504560
253093184223
3834131326283
523705046475
2312329283880
88695624900
7435662873991
3270977666245
4617802299000
6043743384500
1637812083000
1778595934970
565026848545
8586896660890
1860290908021
259320156916
1178239004862
2086761102865
8395890491390
149472692507
114522350870
2496176166380
6081278665045
10092713876952
4220824471528
46792143216
8102913002648
13829755583935
591863689823
17102816578537
11618426890629
8129606982503
108195568672
17096102580034
9672818956308
305721834870
7382794081982
1723067835306
2211385439440
2320881158017
1430845392270
938711033586
2844615219700
2382237150606
551421086817
10193128498213
12143897982256
3946333333542
2222675820864
5096500197346
5276621520172
2404547552540
5468012987480
791358540779
7259645971352
8149695599712
11034166682778
2585600845584
1174886718564
1820123447520
10012156311482
874206368547
4946398837898
6125766250454
15873115037420
2146902975536
1028202398055
6839932410123
3584934286437
11782907708
1397289897371
1822594719484
15890269731849
1039602352578
1582255258892
13273700919001
12629072895
312021162432
203549218271
15434392276356
3599371830102
3098976028902
379193343140
6562964141044
7428921993184
2216812586097
76164026744
128016619180
14440393224438
796571987606
6950158509704
527399007702
1356293435902
7069113063572
2528185190720
3111508894540
2649015057636
5982686609816
1898034212306
266779197582
27024118002
2134672620031
23784773808
14686294490765
72950600520
10522058496253
7274259081534
8030447832690
5684169442763
1819848618587
1106221470501
9136958378372
173787874328
10455062313535
4218113682818
841770294800
435444518485
391802771179
20206787832
608605420162
43434945307
219346555166
1772884013613
491471171031
4662022433410
327647447354
2935662491216
1404806447908
249410105125
5220720589070
6089199621192
8846742289710
292835405688
6616461990348
302458476984
4509658555961
105185515416
82018862296
6905444680
8909349137091
2533314712626
428595283378
31710101590
11042974545904
902501255370
2007461544902
2024494855524
676733788584
1655768289803
2729461987119
8800862176641
2148799739300
950584317358
1013707339700
9201324045577
4332714773471
11023455008679
10116853004385
734011249150
3805161662468
95077174945
542021163850
9533275275
453187193571
7231293810405
14866190371248
11787134702
181591634658
1408231367609
4620133786959
1494222886382
5413613415109
134375921712
110803503720
771255095584
433193342565
3612225105056
10014894154716
16090837552111
2001503284836
2131425711744
2285209069388
3148932143295
191339811111
6636134370495
2670687896849
470957552538
2288451020919
279173232604
718445727819
3627425720878
3623877353401
130712633142
933545939484
4729377192516
935596766720
3284640249573
567660642037
190735566200
11456050426531
9799320638652
3222984519461
494558001891
161961057720
5787362303924
3022119631827
2575949001911
14265355848102
4738325776547
408454323651
3474506093577
6057856122792
3219077436389
335804345136
3456882685692
8845410383046
5100826866182
1045467749379
7330026226226
2851867925416
2483087085974
3678716115852
3529242942918
8688913539
485384174387
9515166883355
6938440913286
5930057814799
1766881874007
2190428107847
5138901824986
9618288661175
10851399961942
537795902805
2096342347609
3978967777684
4035919064263
11790928537303
6234103941596
7364251955128
189106896204
601540650000
1550959649604
4915962165317
2942789903119
904115596950
7081890668276
5626943085279
699343573346
5612626752649
7320294657156
10550901913754
5050824880770
646521481584
537007527693
8288751145445
5363962903865
5352786812600
4494460830552
10148824047741
17617409452770
441106740346
82698512256
910318553781
5576772276765
21355785604831
21906517393366
6635866248921
1009723208220
3285651338989
58949221120
3663556717176
7077358976186
14717279129954
4792152708965
2431173760654
10955256633844
4695923803506
1747441754704
6807148794468
56923499606
1950117496780
8726437475475
1776301663091
4111520325430
8331586207949
5039588213077
48689449920
153448107264
2493275572422
1401968050468
1794030730444
1418649107796
4847588674301
5680676227835
2574412197968
2288363276244
564021020743
743111972030
5599125816332
4641121347442
5398807638525
8184568075467
4233979292739
1023353684880
7290122071426
208457901666
2509442879255
8324588277265
11219634957845
1125240225874
4852493858022
3703103151080
3004772255541
4855284948786
4876515969663
274512998084
18385677715
336784884564
498833172992
1002206503858
4946000653505
9546025550096
1744226281845
7563418607930
61035348868
2789826966280
3063108069499
147225002276
117121696362
124135674143
3737632851251
772840279838
1490256571980
864736542618
7591956801
9739683330
1539042507695
799737058295
9090371108
4564542684848
2877313592740
333873610394
5750793004879
1059582894569
7809525552731
14798545510584
10005239246687
11655181084238
9034543820789
501808128091
9954817315694
5713096460
1918320379684
10104569180295
4957592302790
1616503064482
4757106264990
3273572586076
829548327476
3246857099564
9609410248718
14367854235946
1209741249704
1483268311901
1500017641054
1712792343690
1455729489460
1416800140178
59673566333
219729668159
1532909703775
3509494799348
922801310717
13120355321978
1289443911404
5163615458009
5226801122023
1444676110352
2593062889112
2859907244002
9489009564916
613344663855
1514408253105
1163321798406
170265101354
2870399406449
1213477373235
370910972509
153985475035
461541401717
237099247055
430569886075
11140913615208
732047592067
14060588328380
65916136132
4469795171173
5267928094714
4854386130028
11915041945971
3153892955174
94764970969
1239666503935
2686568085901
128363836830
3529866322444
758284403939
148327637997
84605596866
2071396874330
55486303662
790602416058
7320829519719
1686781609672
2037170646650
2642868233814
40311603787
2306492134416
11098910677017
1501109173482
3918676604313
10687499175669
53726757460
3230713491416
2728809399840
1266152939238
135307907696
1527997959301
735503424772
1781933657400
2240559394800
584281777953
320491665000
1480656090851
424688434632
677284351216
6253748744251
133867783920
5615484229698
12519129993288
215962075800
270135164430
18304789048785
8657129395316
16823286618323
6857573526882
3693501301556
182836410752
198828323344
5798946383253
9491023712809
1246440930840
8684747844486
210395702456
10935898870832
7983170528552
180231596166
10126034577276
11842861654313
15006459132118
3389424903608
312060438036
807158995193
622895950172
3714420372191
603148465989
169005557136
5631788019273
19481746079255
3388956774911
3717107671668
3769652339378
8252198526048
5919917467899
11691179267939
5434031154494
29752154388
490685873574
10170866988707
486510580908
9201149089138
4979986940211
14546525983215
12640417458261
387306354320
21151351165796
14658066079168
10748078914429
1985460402053
2475813197811
760673657370
1659753607300
10555395832646
16127653648629
5047165586198
11650577339264
1003695945871
7131271338
52307418321
1644762719268
4164753899154
1050183156123
1663438946740
1534094255100
905448556492
3484401272842
1503078192885
6700449008136
2939087970021
1654908412509
1760760124371
922736666368
7368048305832
6607490493698
6953179923943
3240405389142
8510254269489
9457652411728
307514628091
389140025560
9389557781101
2938070106340
2006881026417
10095507787326
10826758038444
300060462710
676446891168
916713729984
1984455503815
4126348760630
5365745077234
5015130042882
7253337771756
1921163799210
2710040596009
1119166478682
1619245163034
1817923714798
4558858975369
332657623189
1566846466080
10491139953790
679364510731
2733928858665
2487537863349
311826228957
1099477854361
2495090188899
12522163202061
13103671897608
10508131107684
15434629302449
1096646083401
4369118131727
1810787620137
15559540644652
14595606752143
1380627328204
7954216301963
1528179540960
6951200786112
5987035157180
12692449972620
3618554972952
2143918726985
3332712993590
12128547406405
13424892641075
2575484366337
423365402930
12036277130024
830432056476
124633789290
7820999218250
294600833175
73290938985
1923495040822
4151211129851
7867266221122
13343725710865
2185218121317
741491178890
2324225542331
5721517825288
120104508219
2584576962
1466854558249
52970774302
33234004774
4795516698275
738684601451
15220286554
1412063997666
314218558057
155895841880
5178542856499
3774922485893
142569595624
11878611290
2896763813667
10269087046365
1894883570644
3998426848714
2025698695238
2560491290230
2727373992810
484652311583
1966467839214
4133146502604
2703351664807
2692706860620
3825386508406
177443043272
227805500531
9712353638481
7659904911345
10289652712670
879852721757
9902770185008
10565247557210
5387473507228
1184057226674
6123523309526
1167259876376
3722466991095
1716217563474
2705183806595
111289226478
419497899534
3961185453910
6064843329172
1159164019478
281067743736
9995244323958
12439020865271
3734043828192
483529542182
5040537612196
58478180714
758269206410
27576343250
25030607210
4259960349165
331741377210
108687551434
6576622021545
7309190639009
8119193993015
287234648907
770126477120
2552828038496
1063812461008
4153273956282
87891197796
421107300098
3028004954452
1373554817518
4507665324141
19772013270528
15101900539961
5241332301514
15829988180
5464977910988
3325026854054
7485231351402
33352850916
3784106993416
29021311836
1485077012278
86313133181
40500914520
5041064707524
2681215401185
12459004200
1822199945238
35558827302
24371420392
826364471138
2546846704828
3357470564764
529729459733
896448371793
683850966234
4044711852710
12095073723672
5778016999029
1807812287728
4784076936826
2290225108295
16126571492033
2492856782048
869022515017
20988490942268
2841134877727
8878466021188
2740695915692
3860851637619
1565212088687
119425440665
3105898270177
8207933561814
1552725948851
8653240778964
417919950591
7954926950362
7069319424880
5283094977137
268424415512
3741667400772
3080856856771
1806507471853
8217563541448
7880293545285
4294812660261
727190568539
1720617192166
9959980471436
1279867052740
11547969770624
16047709717579
3489185366002
11437840696259
5308171806960
10565094048086
1189461709548
3483406057854
5230311270
9260454126866
296490832722
1142120949347
5511491891248
889967960237
2680525789894
34745019372
81086683230
525962547523
1450497492455
2089457712237
9099119239616
183221567936
14197806409373
2263056867042
484976543568
2815132561516
162577364037
352960717917
868575332803
2293311286218
533828836645
5542998331289
1438547112700
402687465285
6416801165
203525258325
7508842543561
1453700992136
12940566907913
9064772253922
11704116834302
299142092620
8455075541548
3522878589180
12091067082206
18775169744
8590122619440
12143940759529
14138782700805
1782928905840
11786711861573
805279510623
2296243837071
3876375128404
464598754623
5890704918247
10113821081842
3781097105649
6300384831075
5923457601901
3880096855026
10593434027138
2809167715116
5985018463273
4514352038343
5502758816517
4877131279416
562359293900
1902620909
1438495311160
321816464268
2703025370010
7517276984770
2434102845987
538074614509
2152146674025
1768361944775
10992027300426
6842723898560
7883590276784
110437191988
280126539126
5821240109010
392190732624
2830026965295
6396713343969
2237354047376
6238165787071
426200419186
382126275525
1306099352264
9812851454657
21823071181749
12029943375049
3522594490262
3217169197215
11041272257003
9529960204884
1290339522268
13433704096248
63109452252
37375505290
3630041834351
12900526522368
1608976954456
592056312092
6578450506550
6701960912182
2376609643118
5277282718176
3497707012817
4707975576596
13913871444258
3774276150305
3249489161461
12340246052195
13310640781127
2973061941594
14036132071951
8134181708740
4604294709596
391342868546
1788042881815
734532660047
551447126662
760847435066
107198230770
666726404988
20161573349459
24981744607029
7871353947483
2235502591098
4613847092367
8211379885424
108529013808
233274266543
20956589910022
15131206291423
20182850091346
212503749367
998996040800
2411117781745
6003630962358
541269651186
18937338391054
2066560343848
9140647274021
5648374554805
598639055314
11950861553237
5763682047553
16880627094610
6731606383205
9559891222346
2982782095384
4240902691897
15522865168382
649024534368
4103622530124
4500650817834
3676706775745
14780418102747
6094942186485
2350296417
540870958987
1101482498528
13932784432470
1512191439877
13771348934072
5637550994674
18008257124
1663545403523
4244121247392
4116237628618
5951869666944
7558200602493
2334783582976
1616110381997
11545682564312
2728657367333
1259405743444
249341162534
1572262128456
11382253950334
78958905960
6439367088
139008559360
2974998565778
47962620610
1691559070898
1303067275099
6281174427974
909438160566
1402522197830
1530297340950
12297927925237
68553775589
958364426624
1156351249516
857837971696
1018301152156
9531010062632
8827450877954
13791999416496
186793315137
3192347698456
2524581401766
237406912055
7745807101192
86163919777
5893705305192
4384238696304
1657837429156
9112109845905
1720079796260
2529507538338
565264671330
5661635298125
722795464318
6748347251440
15728537081642
1316108480665
15038428305629
8647530404046
13695233895277
12879325718966
123726955392
234758047824
4262624323825
275475065200
