1098 3462
1 237 631 572
2 3143 636
1 689 788 2719
1 12 263 441
1 577 770 9358
2 8320 205
2 7585 977
1 877 939 7181
1 607 610 8353
2 5351 654
2 5119 293
1 965 1014 5672
1 972 1073 3914
1 494 927 2319
2 6990 379
2 512 1020
1 988 1043 4900
2 3254 633
1 313 956 7468
1 264 995 5508
2 8748 715
2 9014 743
2 8638 263
1 1087 1093 1778
1 209 815 240
2 5140 221
1 978 1053 6047
1 371 575 4352
1 997 1023 4047
1 176 521 2749
1 620 884 2613
1 636 679 6809
1 1020 1047 4680
2 9820 1079
1 959 1052 5579
2 5446 16
1 776 952 5984
2 945 176
1 683 1033 1520
1 168 431 8708
2 3148 769
2 7828 529
1 510 980 3364
1 6 822 2689
1 3 1055 2297
2 9450 634
2 728 515
1 36 1051 9461
2 8169 567
1 238 997 8243
1 274 886 4146
2 1416 670
2 4106 1011
1 41 448 4963
1 843 909 1675
1 98 332 475
1 198 373 653
1 1084 1089 6534
2 2032 1060
1 266 359 5576
2 9016 1047
2 3197 985
1 624 710 2072
1 176 1097 4896
2 7694 257
1 33 62 5862
2 2396 296
1 258 1079 7285
1 940 1056 5223
1 233 737 2289
1 1043 1048 8469
2 4483 316
2 8083 178
2 8729 376
1 504 540 966
1 107 673 3224
2 7471 799
1 595 730 104
1 615 923 8733
1 1003 1083 6155
2 7476 532
2 7509 745
1 750 931 4592
2 3131 1062
1 394 814 9603
1 702 1022 241
2 1195 751
1 105 318 704
1 423 935 4204
2 7667 73
1 349 558 7900
2 45 740
2 5529 749
2 5132 842
2 3872 447
1 552 904 896
1 754 923 1982
2 1545 347
2 8584 328
1 1054 1068 1838
1 1084 1087 2231
2 7760 1001
2 9245 745
1 218 1048 833
1 454 1064 74
2 8408 55
1 527 1056 6991
2 3131 204
1 891 1067 3626
1 715 803 7527
1 240 953 548
2 5700 653
1 272 1084 9925
2 4174 623
1 348 791 9477
2 2983 1089
2 775 1066
2 4401 556
2 6611 173
1 916 1035 9429
1 171 803 6352
1 840 1074 3463
2 7637 21
2 6681 493
2 6364 954
1 522 1077 4139
2 8540 426
1 724 989 510
1 800 1018 7064
2 9768 15
2 3322 979
1 150 610 1225
1 628 925 1017
1 1054 1064 5492
2 2129 62
2 5115 452
2 5626 378
2 5565 80
2 4323 78
1 447 1087 6806
1 659 946 8177
2 6084 1065
1 575 1050 8703
1 621 1012 3001
2 8117 941
1 346 666 5570
1 884 900 7200
2 564 481
1 659 978 2069
1 161 825 8505
2 3885 800
1 5 747 399
1 946 1017 2609
2 865 25
1 971 1046 4335
1 888 961 2790
1 724 1030 108
2 2154 456
2 283 669
2 1471 236
1 535 639 7582
1 971 1048 7199
1 1049 1085 7793
2 5110 529
1 331 652 6858
1 441 1089 8369
2 7643 1059
2 260 888
2 8573 1042
2 6155 1043
2 2699 1040
1 89 551 4858
1 472 600 6234
1 541 794 3471
2 438 1092
1 1015 1056 5485
1 773 947 5938
2 6399 297
1 364 471 619
1 196 279 2339
2 4685 200
1 743 1092 2097
2 1570 675
2 9413 475
2 1250 360
2 3348 35
2 371 877
1 689 944 4954
1 596 770 468
2 5543 418
1 380 957 6806
1 801 958 5856
2 1621 728
1 1088 1091 7243
1 36 122 4943
1 831 1000 2846
1 1063 1080 6871
2 5613 669
1 189 757 5632
1 477 675 6987
1 591 666 3213
2 2437 616
1 766 949 3015
2 9161 896
1 536 1024 9839
1 50 591 5227
2 3832 947
1 495 810 2634
2 4226 570
1 98 890 6217
1 531 825 2829
2 5408 899
2 1534 4
2 1373 409
2 8098 459
1 820 1012 2942
2 2187 1050
2 4771 922
2 181 162
1 814 964 5823
1 780 1025 7039
2 8130 73
2 2185 44
2 9725 1035
2 2713 173
1 216 251 2960
2 3118 453
1 436 484 9195
2 7272 693
1 963 1081 5165
1 420 1025 6868
2 9054 469
1 406 530 647
1 304 816 1418
2 5661 496
1 212 1076 8251
2 5122 228
1 806 851 5387
2 7774 809
2 994 136
2 48 729
2 5179 161
2 3024 989
1 1059 1075 4348
1 9 635 347
1 1004 1036 520
2 7393 1070
1 65 185 1356
2 2351 1024
1 779 992 7661
2 6850 637
1 595 1051 652
1 213 528 2979
1 570 725 7521
2 9364 928
2 2946 883
2 655 550
1 600 1027 4772
1 495 757 6993
1 900 918 8051
2 235 51
1 834 890 3629
1 827 998 7579
2 9237 136
2 4632 650
2 3932 541
2 8704 53
2 7489 673
1 831 952 560
2 5197 642
1 419 835 6885
1 873 1077 8118
2 4984 400
1 967 1000 4298
1 938 961 61
2 9643 136
1 315 613 1112
2 4547 541
2 4569 151
1 594 898 3284
1 63 71 7765
2 7431 88
1 609 998 898
2 7312 531
1 667 1007 8081
1 942 988 6033
1 792 808 981
2 1819 1027
1 910 922 5106
1 236 548 9105
2 2992 580
1 1048 1096 4151
1 191 310 2759
1 1047 1084 825
1 514 752 3629
2 1661 323
1 1017 1052 9598
2 9222 67
2 2630 682
2 4118 684
2 4622 285
1 601 751 8981
2 1265 381
2 6203 884
1 683 688 6905
1 449 990 6193
2 5537 648
2 6689 227
2 4482 510
1 744 1022 1812
1 698 785 9855
1 1012 1066 6137
1 1018 1026 8379
2 7948 259
1 354 576 9583
1 912 915 1370
1 1058 1095 3554
1 536 674 9394
1 648 879 7338
1 160 1094 5725
1 993 1051 6382
1 97 1030 4410
2 3993 957
1 772 1067 7310
1 796 871 7128
1 215 358 5034
2 3666 39
2 1197 413
1 168 938 3050
2 6392 961
1 425 585 1082
2 7022 1008
2 684 746
2 2654 444
2 4881 906
1 984 1062 5758
2 7953 598
1 3 783 665
2 6247 853
2 2510 231
1 61 951 5707
2 4521 122
2 7746 43
1 628 1069 7509
2 4804 349
2 1851 560
1 282 687 6432
2 711 773
1 628 992 7075
2 672 970
1 492 622 309
2 4407 1090
2 1018 745
2 4231 252
2 7713 749
1 825 1062 4624
1 562 866 2707
2 8252 688
1 869 908 586
2 445 281
1 738 825 5204
1 417 432 7287
2 2952 719
1 526 784 823
2 2819 1073
2 5527 35
1 723 855 7262
1 384 766 7641
2 8437 360
1 156 382 6160
2 3447 53
1 772 984 3838
1 836 885 2829
1 5 183 2503
1 241 532 5844
1 364 887 8855
2 9853 630
1 86 353 7240
1 41 912 2633
1 204 829 3894
1 661 907 4012
2 1351 708
1 542 601 7084
1 396 949 5987
2 9279 1003
2 5953 577
2 5139 929
1 361 778 2200
2 2447 280
2 7355 1065
2 6097 590
1 112 597 4879
1 0 276 9790
2 499 597
1 354 978 4773
2 9912 548
2 4036 1033
1 748 1044 6443
1 168 1037 3803
2 6292 172
2 7523 298
1 298 897 2474
1 357 480 9660
2 4434 847
1 421 687 4052
2 4400 961
2 7195 1038
2 993 108
2 7241 991
2 4041 765
1 1017 1031 764
2 7090 784
2 6047 1000
1 752 821 2416
2 6149 872
1 626 857 2100
2 4742 618
1 797 860 1242
1 539 972 9034
1 799 979 5243
2 1151 838
1 88 138 1846
1 193 251 5356
1 693 770 7883
2 9709 793
1 567 579 262
2 2113 800
2 8071 776
1 1004 1017 8352
2 868 85
2 2714 547
2 7294 864
2 6637 297
2 785 198
1 717 953 9989
2 3055 125
2 4108 908
2 4840 77
2 9544 1083
1 71 947 6945
1 101 312 3638
2 9011 441
1 474 1078 547
1 994 1049 1958
2 1365 505
1 315 688 2297
1 211 268 7526
1 67 642 2974
2 2453 465
2 5578 1097
2 5341 1053
2 2240 232
1 129 875 4750
1 74 814 6571
1 686 1023 1626
2 5504 37
2 9043 105
1 396 439 2595
2 8174 870
1 949 963 5688
2 8480 751
1 320 717 3247
2 6170 251
2 1390 1061
2 8096 860
1 638 748 8071
1 101 823 1795
1 624 968 3179
2 5219 594
1 372 1038 825
1 1051 1061 3579
1 1066 1071 1671
1 412 642 8784
1 815 974 9747
2 4775 34
2 5607 1029
1 314 641 4237
2 5237 655
1 824 876 4417
1 775 967 9750
2 438 184
2 9223 361
2 7716 79
2 5737 828
1 303 514 9726
1 282 575 2359
2 3948 1041
2 3811 767
1 11 346 7971
2 4797 884
1 295 589 7035
2 1103 873
1 604 877 3502
2 9580 114
2 2113 520
1 229 313 7264
1 1014 1051 736
2 5059 964
2 6208 750
2 449 72
1 989 1004 2911
2 2456 416
2 1368 350
1 439 831 2275
1 930 1070 3888
2 4964 185
2 5999 237
2 5911 858
2 9917 791
1 105 1096 1219
1 409 578 232
2 7953 1003
2 9820 345
1 627 655 2889
2 7329 1037
1 203 640 2331
1 284 433 9813
2 1576 964
1 98 246 8986
1 252 492 3849
1 822 1035 5579
1 362 909 4552
2 9662 9
1 489 970 6680
1 423 596 2275
1 437 1088 4706
2 205 1075
1 485 969 1137
1 78 952 6028
2 1134 747
2 9130 405
1 3 270 9574
1 443 570 353
2 9836 515
2 894 394
1 372 661 378
2 7867 466
1 544 855 3600
2 4735 583
1 15 980 3800
1 85 1010 9515
1 97 891 7726
1 630 826 4587
2 1575 861
2 5106 674
2 6326 87
2 9927 48
1 631 837 4458
1 431 740 7521
1 1083 1090 2525
1 680 1066 6884
2 7823 256
1 19 879 6075
2 9776 819
2 6641 373
2 7875 806
1 444 486 3929
2 1450 409
1 394 433 8599
1 912 981 5835
2 10 300
2 5761 443
1 163 944 3986
1 1071 1077 7777
1 686 1054 7148
2 8264 364
2 4338 710
2 2937 942
1 757 1034 6549
1 925 1045 8630
1 808 1021 5285
1 689 845 8148
1 972 1071 1365
1 562 1051 2104
1 1025 1031 6922
2 6211 875
2 702 658
1 593 645 3677
2 8702 764
2 344 347
1 149 650 233
2 7950 902
2 2854 367
1 231 996 7631
1 693 1042 9351
1 1041 1086 6728
1 1017 1075 8605
2 2796 597
2 6519 806
1 298 603 2027
2 703 238
1 540 880 8867
1 388 786 6599
1 747 892 2177
2 5783 691
1 515 678 2674
1 337 426 7310
1 685 745 9512
1 620 913 3761
1 488 1043 8493
2 501 90
1 985 1039 4842
1 927 1038 9964
2 4352 866
2 7889 31
1 1 829 7441
1 599 786 6634
2 6260 21
1 822 1081 3587
1 255 402 4923
2 2752 1029
1 283 1025 5125
2 8073 662
1 962 1022 4756
2 4414 865
2 1049 241
1 262 392 3458
1 445 721 4521
1 757 864 6193
1 424 1024 6575
1 137 229 1037
1 131 583 4135
2 8764 456
1 835 1074 2983
1 390 775 846
1 404 819 5757
1 575 1039 7628
2 1377 724
2 6604 875
1 590 899 1585
2 2753 270
2 4687 156
2 7670 284
2 4314 674
2 5726 76
2 809 502
1 926 1032 8348
1 916 1050 815
2 5923 89
2 9730 680
2 6900 513
1 686 816 2442
1 76 355 815
2 6541 588
2 3702 116
2 8491 1042
2 1010 621
1 1074 1088 2445
1 700 871 4810
1 805 877 7028
1 569 775 4254
2 1421 126
2 4315 838
1 1079 1098 8245
2 719 29
1 677 714 8513
1 317 801 4924
2 1616 499
1 320 563 4430
2 8685 242
2 6458 492
1 233 274 5678
1 681 926 187
1 372 795 931
1 731 995 31
1 247 493 5461
1 496 870 8232
2 9051 459
1 46 258 7682
1 872 951 760
1 697 1075 2636
2 4884 496
1 600 796 989
2 6256 915
2 9492 164
2 7725 832
1 193 607 7830
2 1865 677
2 3025 576
2 2032 688
1 90 878 1108
1 909 936 7301
1 1 532 2342
1 873 1034 1918
2 8524 508
1 670 730 4675
2 9254 1066
2 4593 601
1 957 1043 3696
1 1030 1080 2825
1 974 1062 9572
2 1070 513
1 32 475 6385
1 285 739 7096
1 132 1025 7848
1 585 629 9141
2 6460 188
1 1084 1091 6013
2 5019 485
1 621 723 255
2 9696 234
1 351 958 2177
1 447 511 8100
2 2648 1083
1 190 748 6400
1 154 671 9198
1 41 690 8411
1 181 315 4827
1 524 1064 8242
1 889 1051 2013
2 7466 996
1 1079 1089 5428
2 3570 213
2 8172 715
2 7662 105
1 436 957 1471
2 6298 974
2 3279 400
1 286 571 1823
2 9019 734
2 8316 396
1 802 852 4321
1 771 1043 6134
1 913 996 6811
2 8282 59
1 59 242 6
1 3 1081 8618
1 231 978 2844
1 795 919 7696
1 512 1086 381
2 612 158
2 2301 601
1 632 672 7613
1 937 1006 7202
2 1413 323
2 777 219
1 59 593 36
2 7732 727
2 8830 142
1 625 885 9212
1 887 1014 3961
2 1574 471
2 3797 434
2 7244 852
2 9310 177
1 956 958 5968
1 1020 1070 7411
2 2593 1071
1 598 710 9352
2 7218 961
1 408 692 3406
1 670 1023 9543
1 276 943 5503
1 573 594 7624
2 4592 724
1 259 584 4796
1 1056 1063 1291
1 1079 1096 5547
2 5370 391
1 1051 1083 3114
1 290 597 8337
1 929 1011 1181
2 2357 753
2 4592 261
2 5772 841
2 3416 1046
1 53 333 6985
2 2355 199
2 3666 152
2 7846 241
2 234 744
1 722 795 8599
2 6601 435
1 220 809 6832
1 860 959 258
1 755 1017 8619
1 858 1033 1987
2 7478 898
1 1017 1086 480
2 30 554
2 3507 1046
2 791 1041
2 3975 267
2 3155 29
1 621 872 7967
1 937 1000 1193
2 2185 80
2 1024 482
2 6450 530
1 450 622 1232
2 7563 764
2 980 337
1 85 410 5042
2 4045 637
1 420 439 643
2 5612 621
1 303 902 3519
1 155 232 380
2 1612 808
2 5527 475
1 812 845 5658
2 7052 832
1 495 563 8382
2 9026 668
1 315 474 5567
1 250 1097 7921
2 4653 929
2 2618 639
1 16 906 4024
2 6034 159
1 17 277 9077
2 3811 226
1 1018 1056 8759
1 295 337 5630
1 144 528 2013
2 7348 879
1 119 840 9545
1 854 981 2678
2 3841 760
1 295 1027 3986
2 39 731
1 576 622 2522
1 463 517 8948
2 6823 1041
1 82 592 2949
1 446 572 5585
1 621 1094 4705
2 398 984
2 9903 64
1 287 643 3454
1 112 977 5012
1 134 672 6185
2 8897 971
2 9210 436
2 1147 337
1 1083 1095 1943
1 1095 1097 2271
2 7220 555
2 7026 273
2 9665 509
2 7603 711
1 980 1006 5779
1 380 1094 8838
2 9985 1053
2 728 1038
1 434 608 9276
2 4225 842
2 4124 341
1 711 871 5839
1 472 835 1683
1 289 964 3694
2 2532 150
2 8869 229
1 293 301 2331
2 7959 258
1 3 565 5464
1 150 185 9523
2 7430 533
2 5465 1045
2 9279 361
1 56 722 6840
2 5710 862
1 57 918 87
1 486 1057 1283
2 6747 6
2 4737 280
2 8566 191
2 5837 574
1 337 994 2441
2 8971 927
1 284 928 120
1 511 719 1073
2 5471 171
1 784 942 6629
1 35 188 1087
1 516 755 1804
1 770 1005 6446
2 7317 853
1 783 947 2766
2 47 1088
2 2294 1004
1 753 979 7391
2 4563 552
1 755 821 8697
2 501 16
2 1919 786
1 513 571 5047
1 822 1058 5948
1 854 998 8527
1 509 946 4169
1 502 713 5625
2 5798 867
2 2255 912
2 7187 907
2 4917 1067
2 6316 132
2 1912 1078
2 5394 920
1 565 947 5609
2 8780 619
2 4405 694
2 6555 463
1 401 993 5532
1 683 1053 3269
1 466 716 6287
2 8199 416
1 362 660 7896
1 143 412 4045
1 564 983 6094
2 1653 993
1 910 931 7464
1 583 685 8583
1 176 575 9524
2 2354 619
1 324 477 6919
1 106 1031 9912
2 4902 269
1 751 763 9561
2 7413 687
2 797 624
1 270 1004 8675
1 993 1053 5142
1 879 918 42
2 97 590
1 96 312 7369
2 6731 368
2 2645 1031
1 621 858 323
2 372 758
2 9047 69
2 3598 88
2 503 602
1 467 1084 9932
1 354 439 9981
1 322 728 7615
2 260 597
2 6671 244
1 515 834 9728
1 428 886 5157
1 1075 1079 3192
1 1057 1070 631
2 7793 421
2 8677 717
2 6293 406
1 1003 1092 9111
2 8468 240
1 599 1059 7442
2 2600 304
2 3833 405
1 764 853 6247
2 3879 335
1 960 975 140
1 798 1084 5916
1 60 469 7689
2 908 536
1 240 1023 1702
1 60 366 7882
2 4568 1015
2 8237 269
1 1042 1094 633
1 237 464 6710
1 839 935 1019
2 6286 868
2 1360 438
1 878 973 7492
2 5374 600
1 641 1047 490
1 403 983 8182
2 5486 513
1 1078 1088 1159
1 267 970 4277
2 7893 908
2 8609 128
1 303 1075 9027
2 9715 1034
1 358 776 6671
1 2 536 9237
2 5067 728
1 131 520 5156
1 448 1032 8768
1 702 766 2101
2 396 441
2 8851 910
2 6799 14
2 3470 355
2 8324 357
1 997 1063 2354
2 8580 269
2 3337 791
1 129 627 5891
2 882 258
1 1072 1096 4883
2 851 716
2 3376 584
2 3478 115
2 6455 212
2 4078 542
1 804 986 178
2 1943 309
2 2404 322
2 3739 133
1 366 753 2891
2 6652 119
2 236 207
1 777 1051 7568
1 519 941 2268
2 9125 419
2 4547 836
2 5859 1001
2 4406 575
1 1097 1098 7598
1 702 866 5411
2 1999 909
2 4142 588
1 737 1084 9470
2 6175 193
2 2780 446
1 543 573 6111
2 6870 800
2 5447 923
1 214 718 5711
2 3744 202
1 457 880 9252
2 5166 972
1 897 911 235
1 91 739 360
2 2824 709
1 411 442 311
2 6247 385
2 1959 290
1 616 840 1386
2 6990 182
2 2156 56
2 1243 1078
1 990 1076 304
2 9161 466
2 1092 926
2 1965 1035
1 403 473 5564
1 166 533 3949
1 813 935 1543
1 40 578 1619
1 761 769 499
1 284 605 9726
2 3102 1013
2 3141 188
2 9428 846
2 7674 820
1 312 913 3336
2 4879 742
1 782 806 8589
2 7497 744
1 238 648 3206
1 22 274 6434
1 917 998 1387
2 3356 336
2 2140 442
2 5477 226
1 1092 1095 6358
2 4948 567
1 213 569 4586
2 7792 23
2 8147 169
2 3730 467
2 6817 806
2 2972 677
2 6309 369
1 1018 1036 6946
2 7739 540
1 826 854 9120
2 591 173
1 485 750 7306
1 844 848 8490
2 5307 968
1 671 887 6462
1 270 1091 2577
1 528 925 1398
1 590 629 6533
1 703 878 8566
1 958 1068 930
2 1485 523
2 6677 263
2 3510 579
1 693 818 7043
2 33 678
1 72 462 7992
1 813 914 1131
1 534 1040 5772
2 3054 112
1 635 701 8517
1 729 968 8536
1 167 1008 613
1 81 83 3167
2 950 971
2 9839 535
1 152 960 5063
2 5152 892
2 210 610
2 5079 288
2 5068 44
2 7511 548
2 645 645
1 322 367 5089
2 8450 556
1 11 1042 9379
1 371 456 6108
2 9627 466
2 4037 825
2 8721 134
2 837 72
1 109 240 7769
2 7933 560
1 879 911 9866
1 756 801 5293
1 216 582 7161
2 6788 903
2 7177 754
1 1013 1018 7777
2 4901 90
1 329 591 8193
2 5961 915
2 5827 562
2 8381 344
1 258 986 8521
2 5483 1017
2 3587 990
2 6748 124
1 719 748 5280
1 669 679 4436
1 459 594 6139
1 379 612 5029
2 2461 996
2 7334 559
2 2817 602
1 618 944 9817
1 829 924 2401
2 7815 550
1 1093 1095 9085
1 304 879 7836
2 2865 891
1 789 988 9088
1 705 860 9267
1 529 975 4587
2 4093 266
1 753 1007 1546
2 9828 78
1 221 680 4531
1 261 925 6829
1 475 1088 3507
2 2520 544
1 423 976 2995
2 6186 1008
2 7739 905
1 9 202 155
2 4692 611
2 9223 864
2 6549 27
1 307 936 6382
1 105 498 9762
2 465 540
2 5755 487
2 7842 824
1 816 830 8244
1 44 174 9194
2 8417 701
1 852 957 4950
1 387 1028 482
1 935 952 6654
2 1687 204
1 221 311 8318
2 6312 583
1 907 1075 6382
1 322 353 3176
2 9032 296
1 445 568 1001
2 8321 395
1 616 814 7689
1 870 950 8287
2 5298 257
1 814 1079 3303
1 284 692 4041
1 629 1070 583
1 186 455 7010
2 2469 865
2 4525 868
1 397 871 7635
2 6260 368
1 604 737 5616
1 195 455 4579
1 508 678 1936
1 242 709 2831
1 432 549 8740
1 1043 1046 7031
1 151 403 4295
1 423 629 993
1 231 964 4778
1 140 742 8996
1 1037 1098 9625
2 2456 198
1 631 882 8158
2 9762 884
1 168 916 7855
2 3165 132
1 547 1043 169
1 987 1038 2487
2 547 1041
1 4 183 5555
1 564 940 1761
2 5558 617
2 2739 505
2 6946 545
1 801 1016 6612
1 186 200 358
1 930 1008 7895
2 719 409
2 2626 1011
1 602 747 7687
2 3246 33
1 663 1091 169
1 257 756 117
2 3303 353
2 13 418
2 9211 374
1 273 1055 7287
2 9914 503
2 7514 131
1 164 790 988
1 992 1004 8455
1 955 967 5833
1 723 962 8029
2 351 1088
2 6919 47
2 4207 637
1 42 244 1855
1 381 666 7038
1 74 488 9863
2 5579 122
1 493 769 2988
1 325 903 8194
2 6247 31
1 104 849 5249
2 3200 314
1 615 968 3659
2 8948 952
2 8811 953
1 1076 1085 6301
2 9289 445
2 6659 771
2 4380 112
2 5373 599
2 4220 624
1 940 1070 1669
1 316 429 6245
1 481 781 7663
1 268 437 8087
2 3728 551
2 388 224
1 337 849 4743
1 401 914 4858
1 695 862 3311
1 885 1044 5023
1 746 1007 4873
2 8285 120
2 1029 151
2 5678 384
2 426 210
1 758 781 9356
1 543 936 3810
1 356 738 5466
2 6841 524
1 172 681 2933
1 484 719 8385
1 861 1092 88
2 6514 176
1 652 723 8930
2 8165 226
1 596 1056 8294
2 1715 305
1 367 373 6236
2 7428 814
2 2166 31
2 7362 892
2 3452 832
2 4091 726
1 108 669 5220
2 2539 894
1 320 517 5191
2 3060 194
2 3855 865
2 5447 965
1 709 801 5355
1 374 382 3808
2 4251 199
2 1041 307
1 464 774 8405
1 817 840 7343
2 6756 788
1 679 790 8255
1 128 1031 7062
2 3770 979
2 7578 452
1 651 1098 6248
1 1045 1065 3286
2 5438 613
1 232 700 5633
1 577 897 4393
2 4814 999
2 8228 167
1 48 547 7191
1 392 563 5149
1 762 1050 3334
1 857 1096 7083
2 5689 567
1 465 878 9602
1 271 652 9991
2 670 792
2 7788 685
2 9856 654
1 306 904 2666
1 396 563 184
2 3619 715
1 185 1053 1941
1 1081 1090 7940
1 104 449 5196
1 1000 1026 4549
2 8222 845
2 96 463
2 3717 1065
2 253 404
2 3873 145
2 9534 454
1 6 152 1939
2 2289 199
2 358 297
2 4907 943
1 814 840 1052
2 7713 1084
1 675 728 7354
1 543 1054 3773
2 9659 424
2 8048 555
2 2880 406
1 1021 1026 6196
1 240 523 5479
1 37 399 9661
2 3228 2
1 486 909 6063
1 572 719 8857
2 4114 880
1 654 714 394
1 1080 1084 8740
1 497 751 7154
1 371 488 5211
1 1009 1043 6976
1 1074 1090 5537
1 759 956 3547
1 1031 1055 9232
1 63 402 6358
2 5098 701
2 1655 225
1 43 121 6124
2 3083 8
1 567 820 6692
1 80 903 5669
1 289 734 97
2 6975 610
1 157 578 5799
1 686 923 1437
2 65 776
2 3904 986
1 10 329 4491
2 8517 623
1 749 771 5092
2 5189 296
1 1031 1035 7878
1 667 841 9666
2 1104 85
2 1169 986
1 874 956 8688
1 1069 1087 8508
1 556 581 7660
2 9623 226
2 6881 843
1 266 370 6618
2 6285 504
2 3741 713
1 601 1023 1972
1 457 579 4116
1 840 1005 7345
2 1357 236
1 586 991 7247
1 751 839 28
1 508 1065 5520
2 2773 1021
1 87 684 6300
2 5339 1023
1 337 1065 8585
1 881 990 188
1 58 340 796
2 1361 7
2 5741 729
1 313 355 3717
1 6 1095 8555
2 7231 1068
1 250 466 2030
1 1038 1061 3617
1 678 1020 912
2 8982 919
1 1026 1096 5438
2 951 1091
1 855 1027 5682
2 7622 15
2 7548 212
2 9578 596
2 5392 536
1 705 904 9759
2 3988 920
2 5930 183
2 3613 175
1 604 840 9653
1 42 1027 6726
1 1004 1059 2466
2 8397 146
2 3789 807
2 7888 414
2 2511 371
2 3276 1015
1 522 850 2435
1 839 843 2916
1 517 522 5078
2 9450 438
2 7093 966
1 27 986 4564
1 542 831 2099
2 8639 961
1 773 958 6382
1 980 1040 2464
2 4464 301
1 833 893 2497
1 560 658 2986
2 2447 45
2 8347 473
2 447 708
2 9086 571
2 6547 371
1 281 307 4737
2 3650 445
2 8175 469
2 2757 1031
1 12 806 415
2 5067 616
2 5566 766
2 4029 45
1 853 1061 2247
1 1027 1046 7173
1 696 1047 2570
1 962 1052 8427
2 53 877
2 469 78
1 819 1076 2903
2 3540 440
1 146 474 5959
2 6689 156
1 919 966 974
1 663 680 8130
2 2909 905
1 808 812 2189
2 3473 246
1 374 1024 2787
1 1077 1094 610
1 214 768 3891
2 3652 809
2 6932 417
1 455 584 6093
2 5699 890
2 7888 893
1 165 811 9210
2 1997 19
2 9264 122
1 149 640 9665
1 863 981 1388
2 8321 78
2 6087 534
2 411 921
1 44 437 939
2 5005 537
2 5448 102
2 2160 606
2 9653 1096
1 1045 1056 3905
1 18 667 4015
2 3355 582
1 1067 1084 6302
2 352 212
1 391 855 9451
2 4899 826
1 334 567 5599
1 281 1049 222
2 8062 309
2 2077 651
1 259 291 4926
1 212 939 868
2 5314 95
1 695 839 6853
2 1555 413
1 743 966 5920
2 2494 922
1 257 681 1239
2 6627 108
1 153 389 6969
2 7837 626
1 721 881 9545
1 829 927 5331
2 3261 818
1 31 253 3971
2 9625 312
2 7216 845
1 1078 1094 7880
2 4849 1049
1 577 913 8569
1 114 885 2536
2 4219 204
1 1022 1088 3631
2 7602 1
2 3580 437
1 185 372 6186
2 4066 280
1 355 882 1872
1 422 668 2390
1 997 1010 1068
1 359 930 942
1 47 259 5049
1 539 593 7092
2 4240 342
2 5232 631
2 677 203
2 6061 645
1 801 1021 5918
1 63 175 6612
2 3907 375
2 7833 546
2 4106 1084
1 622 780 7646
2 3145 466
2 7708 779
2 4143 397
1 561 941 9498
2 1931 295
1 249 441 3461
1 942 982 6565
2 671 950
2 5316 598
2 334 707
1 459 551 7154
1 927 992 754
1 532 699 6513
2 7061 604
1 430 969 441
1 152 511 6717
1 922 983 9580
1 883 1026 9681
2 2177 919
2 2894 277
2 8550 561
2 1415 1036
1 666 696 5888
1 441 632 8707
2 1776 694
2 7149 642
1 600 1035 3270
2 9749 1096
1 929 1082 4168
1 991 1052 491
2 4671 14
2 6912 169
1 734 944 6749
1 887 900 9813
2 383 144
1 505 667 5161
2 6436 334
1 764 1057 3961
1 889 892 6751
2 7961 184
1 484 1030 1550
2 3078 1048
2 9244 741
1 886 1022 5734
2 896 239
1 697 979 3822
1 850 1042 8110
2 4861 660
1 968 1053 3120
1 227 896 7489
2 1456 385
2 4775 221
2 509 279
1 518 724 4184
2 8006 861
2 2142 738
2 7082 529
2 7498 250
2 6654 192
2 4143 117
1 627 868 7755
1 251 386 8253
1 62 302 4994
1 1037 1087 5345
1 301 326 8498
2 9357 27
2 9390 947
2 953 25
2 6798 506
1 786 1060 2000
2 6606 1026
1 114 244 9182
2 5617 708
1 403 1017 2609
2 3530 1012
1 21 472 9936
1 926 1073 447
1 1096 1098 8223
2 5174 504
2 9362 478
1 25 545 4685
1 1046 1094 4233
2 5422 1082
2 5968 788
1 591 686 9608
2 6408 668
2 2631 790
1 928 944 7129
2 2843 839
2 7740 989
1 749 1003 8465
1 35 701 9994
1 29 103 5604
1 118 983 7751
2 1483 444
2 3437 302
2 6918 787
2 9762 529
1 544 965 5901
2 4366 990
2 8896 1025
2 9371 377
2 446 41
2 4549 337
1 782 879 7520
1 1004 1028 1041
1 1062 1081 8854
2 2708 22
1 217 914 9798
1 993 1088 9277
1 972 1085 9585
1 116 224 9413
1 583 797 3954
2 5678 74
1 738 1033 7563
2 6155 559
2 1029 551
1 1000 1058 1031
1 941 1047 9488
2 704 257
2 6470 1032
1 641 725 9846
1 668 943 3353
1 249 1019 871
1 711 1024 1214
1 101 235 264
1 460 532 7022
2 8600 92
2 9008 178
2 5466 554
2 4850 1024
2 4555 729
1 4 418 5063
1 873 888 8350
2 5940 563
2 4953 88
1 530 545 9957
1 679 1048 6927
2 2393 845
1 771 1060 6574
1 697 1059 5518
1 389 627 4277
1 593 685 6361
1 378 476 4603
2 4409 1060
1 342 767 7733
2 3666 771
1 180 196 5162
1 254 636 1246
1 1091 1093 627
2 7985 21
1 463 1037 5354
1 558 1070 4574
2 469 77
2 9642 384
2 1209 314
2 6371 42
2 9684 296
2 5675 106
1 410 963 3278
2 1219 132
1 43 496 4260
1 566 718 9950
2 4900 420
2 9869 799
1 384 800 2787
2 2471 493
1 723 848 1745
2 5023 637
1 770 1077 7956
2 2216 5
2 9475 695
2 3154 610
1 134 218 2559
1 1074 1075 5484
2 4307 563
1 188 805 5901
1 336 655 8830
1 750 926 399
2 5534 855
2 6972 201
2 9662 91
2 2221 780
1 880 926 7674
1 884 958 5352
1 650 976 444
1 903 994 9794
2 6545 68
1 1047 1065 7173
1 813 1086 9641
2 9802 324
1 440 849 6339
1 282 342 8078
1 674 797 6449
1 670 757 8863
1 977 1055 7003
1 1079 1084 991
2 7730 320
2 3963 537
2 2385 1006
2 8482 697
1 299 818 7484
2 286 992
2 7968 688
2 402 528
1 731 863 3509
2 3269 839
2 6318 494
2 1873 473
2 7020 1016
1 492 791 1203
1 189 717 1518
2 3960 196
2 3212 181
2 9467 321
2 7509 567
2 9092 94
2 9283 490
1 953 964 3890
2 719 443
1 494 838 2477
2 2260 982
2 3659 442
1 431 1031 3761
1 1046 1059 5183
2 4276 80
1 694 834 9602
2 3493 104
2 564 547
2 1023 67
1 860 934 230
2 241 620
2 2054 1051
2 2593 253
2 7068 413
1 15 929 166
1 435 1024 8528
1 247 269 3842
1 271 932 3224
2 9806 685
2 6399 207
1 284 877 9811
1 899 935 541
2 1174 921
1 827 975 8084
2 1362 175
1 378 576 2412
2 1988 75
2 8146 760
1 968 1065 8708
1 438 551 4516
2 5057 49
1 1094 1098 8573
2 3009 454
2 4371 629
2 2280 1007
1 683 859 1632
1 296 988 8580
1 675 712 4296
2 8813 230
1 403 631 3406
2 8331 166
2 1340 620
1 275 856 5193
1 260 924 5639
1 92 724 4154
2 822 321
1 140 269 9659
1 883 1092 2668
1 843 945 3312
2 3124 820
2 6541 378
2 5769 1024
1 459 750 7086
2 7592 1086
1 310 717 7872
1 270 1018 6156
1 866 1051 7026
1 94 421 9161
1 702 1085 1617
2 3247 34
1 164 485 6237
1 406 1033 6144
1 740 897 527
1 194 733 3118
1 267 863 692
2 7382 1025
1 965 1019 1668
1 153 1010 1397
1 388 935 969
1 692 864 8906
1 307 1077 5057
2 9468 599
1 973 1083 1489
1 562 981 5056
1 585 945 4576
1 294 1012 8923
1 169 755 3266
1 357 378 2256
1 323 647 4203
1 680 884 9272
2 761 680
2 3603 268
1 980 1036 57
2 1269 651
1 1004 1029 2111
1 92 188 5839
2 1337 334
1 415 597 1803
2 7427 550
1 257 927 3944
2 5396 702
1 581 778 7633
1 234 1024 113
1 298 836 6176
1 764 983 7152
1 1004 1006 3111
2 1379 2
2 9280 802
1 656 753 2594
1 1004 1079 5279
2 8354 522
1 687 946 8092
1 163 358 2085
2 3303 532
2 2766 537
2 4145 539
1 244 521 1884
1 872 1083 3895
1 148 373 6915
2 7387 180
1 125 783 135
1 794 903 8875
1 1073 1098 4714
2 9273 697
1 1069 1085 4916
2 5890 874
1 803 856 6956
2 1315 373
1 114 857 565
1 371 1096 3334
2 7370 234
1 1052 1059 4469
1 262 902 1709
2 4231 768
2 3935 310
1 879 925 8750
1 487 612 567
2 895 51
1 110 444 6083
1 885 1043 9786
1 566 845 450
2 6127 972
2 3841 919
1 1048 1084 3999
2 6069 577
1 981 1028 7045
1 533 651 2000
1 382 949 6064
2 8804 209
2 9254 433
2 1733 431
1 252 1083 5902
1 904 1096 754
2 6346 487
2 3392 785
2 1271 345
1 775 932 4978
2 5035 349
2 5951 357
2 9434 956
2 2421 966
2 2493 823
2 9599 306
2 2298 793
1 605 877 6939
1 463 683 9351
2 6371 714
2 8546 353
1 674 891 1914
2 6732 247
1 608 1094 7369
1 384 668 8287
2 2519 623
1 437 645 7674
1 74 317 3170
1 483 975 7505
2 4174 971
2 6629 109
1 337 723 4103
2 9537 778
2 4176 995
1 520 888 9373
2 3399 849
1 1047 1061 5972
2 6445 842
2 526 228
2 2873 831
1 584 823 1973
2 7199 959
1 784 812 8544
2 5239 651
1 635 722 6777
2 3555 462
2 6433 225
1 404 490 6542
2 5767 291
2 4071 875
1 970 1000 3956
1 179 390 932
1 794 1062 5610
2 2388 583
1 1045 1061 9935
2 5951 116
2 8845 550
2 964 841
1 742 791 527
1 1059 1064 5914
1 684 917 6165
1 249 525 5976
1 179 768 9372
1 198 318 7891
2 9635 1052
2 6544 133
2 5698 760
2 2872 191
1 732 1019 9415
1 830 939 4810
2 7138 919
2 3479 1
2 9755 91
1 422 817 2039
2 8320 117
2 4724 331
2 5303 136
2 6717 1001
2 8669 58
2 9832 248
1 193 1084 8066
1 269 557 7480
1 20 881 7595
2 6058 64
2 2911 43
1 291 379 7079
1 765 927 4634
2 3189 706
2 2154 90
1 35 492 7777
1 767 1086 1683
2 5630 877
1 1065 1081 1938
2 66 776
1 416 1036 1720
2 6354 854
1 587 602 1719
2 9049 904
1 798 825 919
2 8954 1097
2 4584 877
2 6272 844
2 7224 979
2 6774 307
2 7035 330
2 1295 880
1 674 1001 5024
1 348 517 756
1 335 535 30
2 5183 203
2 3073 640
1 936 1000 4178
2 7305 388
1 718 751 3520
2 4724 294
2 9748 74
1 422 1028 4288
2 1834 1020
2 8677 548
1 269 359 9651
2 9532 740
1 303 986 6573
1 69 946 9304
1 727 788 66
1 1063 1087 6730
1 14 194 7458
2 1264 550
1 82 699 4454
1 899 1063 1604
2 5131 1058
1 210 282 7596
1 1087 1088 3186
2 9667 451
2 9417 826
1 1075 1084 8779
1 602 1012 6898
1 226 341 5678
1 423 584 2416
1 226 1057 6897
1 846 880 3267
2 9781 1040
1 1078 1084 996
1 902 983 987
1 166 615 8445
2 3767 594
2 7046 601
1 443 826 192
1 630 825 3314
2 5225 940
1 1039 1081 1888
1 38 843 696
1 773 817 9796
2 5109 246
1 1011 1014 1059
1 131 943 9663
2 8369 602
1 121 672 504
1 293 333 5072
2 5576 321
2 304 141
1 418 432 7237
1 444 982 9986
2 4192 786
1 769 1057 9965
2 6943 822
1 635 999 223
1 802 1034 4143
2 6698 954
2 688 304
2 7926 645
1 1090 1098 7192
2 7736 292
2 7943 87
1 484 514 6066
2 9865 917
1 747 1065 2155
2 5731 331
2 5964 870
1 730 804 9830
1 357 548 2600
1 581 693 9613
1 1073 1085 6967
1 184 263 5839
2 3509 634
2 5322 1043
2 185 335
2 2089 1029
2 1919 296
2 4421 654
2 5398 882
2 6739 992
1 98 157 8931
1 828 879 6137
1 115 985 2281
2 7928 890
2 9539 863
1 593 1021 6852
1 676 1028 9274
1 537 927 2504
1 1038 1039 2524
2 3482 982
2 5848 952
2 8130 543
1 459 697 8629
1 548 811 6387
1 410 555 7412
2 4688 492
1 497 1077 6233
2 8757 937
1 946 1043 8734
1 120 310 1553
1 631 984 7685
2 5987 78
2 4441 1020
2 8205 492
1 984 988 9228
2 1813 310
2 571 274
2 5515 122
2 6307 1046
1 317 514 2232
2 6623 139
2 928 586
2 5647 505
2 4757 820
2 337 769
2 2151 106
1 380 875 2657
1 889 939 7912
1 249 485 8830
2 8097 212
1 461 1014 6222
2 1869 600
1 322 949 3550
1 440 530 3436
2 2528 1027
2 4136 44
1 213 714 2730
2 1561 871
1 1083 1097 7217
1 36 718 3271
1 919 959 1467
2 4967 592
2 8403 343
1 396 948 667
1 89 868 2520
2 2123 364
1 69 1030 6627
2 8509 238
2 8133 344
1 289 1018 1449
1 567 1058 4366
1 743 816 498
1 988 1033 6225
2 8748 452
2 8144 595
1 339 991 1194
2 9711 74
2 9693 949
1 924 1017 5393
2 9759 366
2 251 11
2 7763 835
1 650 988 5274
1 262 859 4764
2 5887 873
2 1872 476
1 424 786 4716
1 788 789 2283
2 8394 259
2 4998 394
1 132 686 2578
1 774 964 47
2 4811 183
1 82 934 9341
1 1031 1059 7248
1 909 911 3362
1 288 487 2819
2 5781 355
2 4039 827
1 662 1073 4875
2 3844 889
1 146 645 3852
2 5896 1005
1 24 268 8619
1 112 592 3708
1 323 928 283
1 480 827 3366
1 521 676 9222
1 407 855 2210
2 2788 851
2 9059 69
2 6045 441
1 610 842 6320
1 993 1034 1099
1 652 661 63
2 5467 826
1 922 1036 6730
2 5292 892
1 769 874 1793
1 653 912 7156
1 847 1012 4352
2 2875 84
1 674 1097 7843
1 347 1085 2888
1 522 1043 3553
1 875 876 2158
2 6590 866
1 731 944 3466
2 1131 1063
2 5117 23
1 225 937 1916
2 1548 754
1 1082 1087 6088
1 26 756 7506
2 9664 936
1 704 955 7526
2 992 31
1 1095 1098 1332
1 587 859 5695
1 782 1029 5919
1 384 1058 7758
1 958 985 4235
1 273 639 4235
2 6841 230
2 2233 691
2 6298 118
2 9740 772
1 542 699 723
1 186 1021 4820
2 8930 377
2 9548 361
2 6161 220
1 733 1048 6048
1 547 988 7065
1 1018 1022 8164
1 782 871 8426
1 999 1090 8906
2 1427 304
2 2191 318
1 554 897 1424
2 3063 514
2 1544 723
1 401 1004 9818
2 4334 665
2 8739 473
2 218 751
2 4692 117
2 4935 179
2 5307 882
2 6732 568
1 108 824 1725
2 6027 1025
1 885 1072 5775
1 192 807 8759
2 7784 191
2 9363 126
2 8722 365
1 922 987 3128
2 6212 624
2 6007 857
1 714 782 6877
2 9075 742
1 96 230 7665
2 2800 774
2 5809 507
1 401 519 1015
2 3991 253
2 2060 338
2 9783 526
2 1419 96
1 826 1045 584
2 4266 403
1 998 1058 7882
1 936 1046 4763
1 670 1081 9295
1 457 625 4297
2 6119 1079
2 7596 66
1 741 904 82
1 512 1028 8457
1 1043 1075 9737
2 5725 581
1 357 744 2229
2 3621 461
1 240 459 7077
2 8449 785
2 8913 977
1 471 504 750
2 5559 1060
2 170 31
1 836 851 7069
1 227 461 2757
1 472 511 2300
1 305 698 4659
1 786 791 5376
2 1541 548
1 71 875 2560
1 164 196 747
2 7187 55
1 992 1061 3919
2 4647 10
1 966 1022 9041
2 6431 870
1 142 706 7367
2 2158 433
1 910 1033 9022
1 926 1088 3673
2 166 418
2 437 738
2 1437 748
2 2456 616
1 208 1094 7393
1 39 1075 8033
1 298 490 5524
1 168 1058 4732
1 964 1089 7053
2 2217 908
2 3042 1019
1 108 550 4626
2 1016 193
1 92 975 3743
2 7174 720
2 9050 403
2 9949 571
1 691 980 6802
2 8078 385
1 434 546 7332
1 338 642 1261
2 2277 1012
2 312 130
1 212 629 4968
2 4019 907
2 3968 381
2 7290 1072
2 941 793
2 5594 791
1 125 613 7856
1 429 972 7630
2 3761 406
2 8763 1029
2 7890 727
1 20 604 1611
2 6792 900
2 1341 505
2 6533 418
2 9056 437
2 1171 793
2 5153 623
1 1029 1045 8005
1 513 1000 9732
1 250 469 2601
1 405 990 3022
2 715 511
1 930 1083 1835
2 8152 303
1 442 1090 7031
2 6237 1063
1 296 916 4629
1 493 632 5677
1 977 1008 4797
2 1344 569
1 784 1017 6568
2 9675 815
1 520 755 5730
2 1063 323
2 1663 1090
2 2645 870
1 265 1083 3309
2 1568 1027
2 6497 912
2 8493 87
1 315 998 3827
2 2905 370
2 6295 210
1 516 765 8317
2 7701 949
1 873 1061 8049
1 820 1047 5004
2 7853 893
1 980 1098 5472
2 9300 787
1 60 192 1947
1 506 537 6346
1 499 983 9622
1 164 1040 2862
2 98 774
1 168 970 3143
1 748 850 5095
1 318 663 7144
2 5702 468
1 863 1043 1090
2 9389 143
2 5389 75
1 1004 1039 5423
1 306 960 189
1 804 1070 6876
2 1072 276
1 560 756 4187
2 1647 939
1 27 479 6087
1 539 753 1217
2 7326 1011
2 2972 530
2 3161 246
2 2098 1050
2 6130 754
1 900 1080 6549
2 6820 306
1 126 868 3948
2 8780 424
1 793 1098 7093
2 3458 198
1 825 1059 6237
2 8336 1022
1 802 845 6624
1 17 586 1155
2 2366 791
2 2666 1045
2 1446 495
2 447 190
2 7921 286
2 4923 240
2 5956 1025
2 4248 127
1 992 996 150
2 7658 108
2 24 1024
1 971 1060 7219
1 615 989 966
1 702 877 5210
2 133 358
1 410 996 6903
2 9109 1011
2 5612 554
2 9622 663
1 589 1002 616
1 602 711 6190
2 3508 169
1 871 1039 1676
1 165 1086 7560
2 815 286
2 6277 323
1 878 928 2631
2 2123 507
1 759 1093 1072
2 3614 956
2 3474 27
2 29 898
2 5731 1020
1 986 1055 1336
2 2275 397
1 118 368 7049
2 8560 150
2 2421 332
2 4971 126
2 3050 998
1 585 916 2920
1 766 799 3145
1 576 1089 8590
2 7217 565
1 807 1066 4477
2 9390 925
1 160 902 9667
1 524 1071 5963
1 176 593 131
1 24 600 2732
1 639 911 6322
2 1811 1049
2 4185 913
1 1091 1093 3759
2 923 1018
1 1007 1027 5441
2 7977 311
2 4461 233
2 7464 257
2 7722 191
2 2921 169
1 837 1095 6830
1 138 890 8054
1 78 703 2193
1 957 965 7121
1 690 1014 1651
2 6510 160
2 453 300
1 106 907 5090
1 470 888 2062
1 795 1041 887
2 261 111
2 1942 490
1 870 890 3468
1 100 1030 342
1 97 465 3451
1 291 852 8002
2 6828 535
1 816 888 3493
2 7356 512
1 340 440 6788
1 777 1067 7343
2 7858 123
1 659 1064 5519
1 1091 1098 2299
2 6155 973
1 224 246 6894
2 3451 829
2 7203 817
2 344 235
2 7098 38
2 9687 676
2 2618 438
2 6152 298
2 8452 667
1 667 909 7732
2 4627 550
1 405 936 7525
2 4857 70
1 904 985 6294
1 985 1007 1468
1 787 1093 8390
2 3927 127
1 603 805 1629
1 599 648 2560
1 194 823 1243
1 91 370 6751
2 3571 347
2 3347 771
1 963 1016 3433
1 3 67 541
1 572 575 3409
1 950 1010 7604
1 367 381 8710
1 453 1077 5583
1 168 425 4189
1 426 1067 3868
2 3653 820
2 4881 947
1 54 930 532
2 3878 281
1 740 908 1334
2 7688 871
1 341 382 6850
2 7391 586
2 1280 1012
2 1808 206
1 981 1040 6487
1 67 897 9242
2 9473 1082
2 9258 724
2 4105 1019
1 793 922 2784
2 8254 28
2 7967 227
2 9081 837
2 5546 441
1 783 1060 3266
1 243 991 4704
1 406 794 4934
1 142 706 8542
1 26 953 7267
1 310 607 8529
2 3338 15
1 392 825 4879
2 5487 519
2 5338 31
1 501 925 4770
1 56 301 2309
1 292 342 244
1 858 1097 5009
2 5260 323
1 592 1020 943
1 774 931 2549
2 3968 171
1 661 918 7664
2 6317 278
1 45 994 6216
1 409 922 6068
2 275 814
1 4 129 8516
2 4760 613
2 3661 641
2 7629 936
2 7721 499
2 1327 1082
1 166 1057 987
2 7944 646
1 428 570 716
1 158 589 2192
1 966 1026 4827
2 8488 820
1 782 929 2701
2 659 963
2 1285 444
1 218 1052 5117
1 737 745 5788
2 9436 755
2 7980 507
2 9659 375
1 159 324 1025
2 3495 589
2 38 896
1 214 587 8299
1 532 839 7311
1 338 741 280
2 6069 487
1 994 1092 5883
1 223 894 9931
1 957 966 3768
1 875 1069 9330
2 3590 880
2 2962 578
2 7454 401
2 7734 133
1 744 844 2488
2 8372 39
2 6792 386
1 416 620 5972
1 201 582 7039
2 9647 241
2 802 758
2 5619 752
2 6927 109
2 27 50
2 7446 374
1 88 342 4282
1 43 250 7691
1 93 1058 3232
1 1039 1093 5049
1 220 572 4163
1 161 190 7519
1 224 648 1129
2 8576 656
2 4831 868
2 9827 337
2 7147 266
1 397 655 1460
1 694 737 7361
1 177 639 4948
1 713 872 7638
2 8768 327
1 9 648 2803
1 735 759 9549
1 135 1012 9149
1 1028 1059 9386
2 5896 615
1 555 648 3824
1 836 902 5746
2 479 736
2 4713 962
2 405 555
1 1077 1078 1779
2 928 679
2 3161 610
2 926 29
1 809 1006 9144
2 6642 341
2 1779 1005
2 5684 1023
1 1050 1088 6301
2 3055 86
2 5324 279
1 133 955 2616
1 44 438 6208
1 110 723 7834
1 363 956 4475
2 5712 690
1 195 950 8508
1 784 1022 1936
2 6777 86
2 2547 820
1 1067 1077 2844
1 390 590 6563
1 993 1007 1147
1 912 923 6455
1 516 851 4427
1 816 920 2409
2 4033 1056
1 571 1091 7587
2 5417 1093
2 9455 363
1 842 1000 3612
2 3810 912
2 265 135
1 775 890 8613
1 198 777 6071
2 6457 968
2 8757 441
2 1940 1076
1 597 1032 6159
1 266 823 1084
2 1246 1022
2 7864 59
2 9229 835
1 451 926 5184
1 642 991 6097
1 249 908 1511
2 8215 246
1 768 975 3846
1 634 685 795
1 467 1036 3684
2 7239 897
1 923 955 2896
2 2124 240
2 8700 290
1 502 934 8825
2 5200 174
2 5398 822
2 3033 358
1 1041 1090 9623
2 66 107
1 635 879 1308
2 1756 313
1 9 574 1058
2 7622 453
2 8752 352
2 609 1019
2 7363 772
1 1080 1087 1250
2 9909 781
1 121 629 7470
2 1019 146
1 850 901 3828
2 5291 262
2 6709 883
2 6172 676
1 925 1076 8892
1 633 718 5302
1 570 663 1822
2 5644 583
2 6664 729
2 8882 606
2 7980 507
2 6431 180
1 897 1047 7089
1 775 849 8774
2 958 268
2 9696 835
2 1840 589
1 206 880 7468
1 1076 1077 6812
2 4793 135
1 315 996 2415
1 458 683 3718
2 8844 1055
1 350 466 1927
2 9701 461
1 293 762 5270
1 171 348 2876
2 2872 129
1 590 853 7235
1 131 934 2098
2 5965 312
2 4387 991
2 2667 240
1 701 1008 9782
2 5053 7
2 8253 179
1 102 685 3582
2 656 110
1 459 879 8058
2 5553 449
2 5540 860
1 523 1033 9629
2 1997 345
1 366 1062 4551
1 998 1003 960
1 567 804 7159
2 7794 802
1 798 903 8912
1 133 894 6434
2 4020 1069
2 3735 1075
2 6881 788
2 7784 509
2 6941 533
2 4364 660
2 7563 823
1 423 544 4534
1 376 695 7869
2 7519 435
1 21 620 4089
1 45 860 1850
2 9634 511
1 1045 1065 9220
2 507 623
1 259 493 4246
2 8006 530
2 5875 928
1 265 686 6942
1 941 1089 3961
1 948 960 5367
2 546 729
1 447 648 2163
1 641 691 6871
2 648 428
2 5907 654
2 4135 111
2 1078 782
2 8462 749
1 761 1055 3033
2 8479 33
2 6852 590
2 2516 655
1 79 462 4983
2 2834 46
2 288 414
2 8205 355
2 1466 205
1 1001 1021 767
2 9786 140
2 9351 947
2 1386 5
1 134 494 4210
1 580 912 754
2 9402 1027
2 8538 352
1 583 830 3232
2 1921 693
1 392 679 2159
2 1510 589
1 595 717 6169
2 6731 624
2 2156 230
2 3199 879
1 932 1038 698
1 788 980 9807
2 8080 764
1 183 645 6171
1 136 882 4547
2 716 652
1 302 918 6925
2 9682 467
1 197 406 3777
1 0 760 6495
1 312 801 626
2 1729 662
2 1258 743
2 5805 1037
1 715 1071 4908
1 456 914 8637
2 1253 826
1 446 921 947
2 3794 826
2 8280 40
2 6779 381
2 7800 393
2 2855 664
1 693 824 53
2 3077 1047
2 8408 402
2 5599 195
2 6546 262
1 1088 1091 5227
1 932 1078 1604
2 755 900
1 353 917 5111
2 9008 338
1 448 526 6361
2 1121 703
1 1023 1094 6975
2 9850 1000
2 5077 794
2 5988 629
2 664 192
1 104 998 3008
1 854 1057 9410
1 652 1083 9591
2 713 811
2 3785 736
2 3404 1047
2 6066 250
1 706 864 9147
2 9811 156
1 260 276 7692
1 887 1008 1839
1 197 593 2943
1 192 973 6562
2 4793 164
1 776 803 773
1 300 1058 6966
2 54 610
2 2080 332
1 894 928 695
2 4047 948
1 329 925 9278
2 2192 691
1 855 890 3047
2 3820 737
1 64 342 7278
2 7332 59
1 516 643 6636
1 811 844 8383
2 9651 839
1 4 585 8298
1 274 699 627
1 669 952 7023
2 2915 179
1 171 1062 560
2 8584 1023
2 566 82
2 8950 526
1 391 1038 6689
1 215 1067 1714
1 517 652 7578
2 4601 106
1 285 1002 8041
1 526 712 8569
2 5987 369
2 30 87
2 2454 929
2 9143 237
2 6834 452
2 3582 942
1 110 604 4295
1 781 1057 113
1 959 1012 7369
1 178 837 2827
1 378 388 2467
2 1754 452
1 803 941 5129
1 836 974 3928
2 1769 4
1 44 907 7490
2 5761 735
1 656 1015 9148
2 9486 795
2 8306 463
1 915 1044 1261
1 824 1003 9216
1 223 595 6849
2 2041 611
2 9532 316
1 77 1003 4910
2 4059 401
1 99 134 7625
1 21 710 7787
1 75 258 9358
2 8014 82
1 796 1013 9766
1 1079 1084 2158
2 6241 1016
2 5310 974
1 83 916 6471
2 8899 526
1 320 931 108
2 9466 410
1 616 1012 2381
1 409 940 4744
1 738 761 3800
1 253 736 9055
1 165 685 7783
2 4737 663
1 484 579 9791
1 949 1061 691
1 529 889 7195
2 2046 269
1 783 906 3868
2 3364 289
1 946 1021 4000
1 969 985 8770
1 569 900 9790
1 366 629 7883
2 1052 64
2 6922 445
1 189 587 1890
2 2625 72
1 618 647 6836
1 1084 1086 4299
2 1342 347
1 259 616 1747
2 5982 580
2 3387 644
1 115 179 943
1 193 767 6782
2 6918 186
1 154 230 4124
1 16 969 1859
2 7914 900
1 120 440 4527
2 8782 307
2 2067 1062
2 9362 129
2 2195 322
2 4005 712
1 622 855 8267
1 854 876 8280
1 630 985 4300
1 529 1036 3801
1 68 293 3809
2 1274 653
1 955 1022 2327
1 627 749 9269
2 9385 845
1 459 887 8111
1 770 954 4196
1 887 1076 1263
2 9923 187
2 7614 815
1 707 970 2339
2 1251 124
2 520 347
1 218 1037 7651
2 5762 412
2 4722 84
1 424 988 4031
2 6295 336
1 493 869 5627
2 5680 839
1 159 660 5173
1 653 1065 6158
2 3809 164
1 700 921 9112
1 510 853 4824
2 6561 521
1 1060 1094 4553
1 48 186 8764
1 217 933 6644
2 5717 473
2 4760 111
2 5291 217
2 755 769
2 5349 181
2 7622 686
1 430 562 6125
1 583 977 2765
2 9176 430
1 719 817 6203
1 824 952 8385
2 28 12
1 781 801 8663
1 812 1013 9982
1 704 948 5353
1 799 814 6714
1 1006 1007 3330
2 444 381
1 1068 1095 2069
2 269 32
2 2296 320
1 14 247 1188
1 1027 1037 8945
1 434 1016 4929
2 5435 989
2 8765 651
1 1033 1045 1883
2 304 814
1 846 873 2525
1 176 646 5770
2 9509 1027
1 979 1056 5746
2 675 263
1 154 521 2142
2 2252 165
1 667 989 1771
2 6375 1004
2 8900 1064
2 129 142
1 671 774 6883
2 1689 716
2 5828 57
1 48 663 6048
1 1033 1057 3076
1 937 1078 7055
1 280 466 9873
1 407 495 3606
2 8566 604
2 9379 811
2 5939 498
2 9525 448
2 5574 552
2 5554 612
2 8675 438
2 1687 183
2 7912 26
2 9388 558
1 773 961 744
1 498 574 2548
2 7599 948
2 1332 868
1 768 946 8806
1 126 433 4447
1 309 889 1217
1 1054 1084 5422
1 909 964 1673
2 9294 443
1 985 1078 4305
1 816 876 4586
1 273 924 9810
2 2444 532
1 424 439 5520
2 5918 352
1 272 591 4395
2 6162 472
1 794 1008 9804
2 3058 474
2 3997 953
1 128 261 5270
2 7715 986
2 973 436
2 5711 922
2 5871 414
2 9616 940
2 116 1068
2 6272 957
1 333 895 5920
1 1002 1055 414
1 914 1014 8975
2 2515 176
1 1077 1089 7401
1 196 289 8052
1 44 1044 5010
2 5878 797
2 1807 145
1 475 544 992
2 1497 228
1 184 1077 9367
1 201 907 4842
2 8248 681
2 2652 430
2 1784 598
2 8667 275
2 9718 155
2 6690 739
2 5041 254
2 6395 127
2 5763 619
1 820 884 2758
2 1006 282
1 836 1020 1425
2 4915 713
1 766 917 497
1 627 913 3222
1 1035 1050 8874
1 1005 1090 3067
1 851 1006 6299
2 4284 359
1 367 1076 5401
2 7196 177
1 914 941 9096
2 3610 1014
1 581 976 4215
2 8937 974
1 952 1043 2519
2 5170 1002
2 9454 387
2 2511 754
1 497 879 3034
2 7044 186
1 1018 1053 2416
1 731 1053 9368
1 341 405 9125
2 7996 900
1 928 1045 19
2 7752 335
2 3590 404
2 6624 774
1 961 1013 7868
2 6636 403
2 2803 160
2 5242 223
2 7663 622
2 1691 354
2 1711 460
1 795 874 1819
2 1172 866
1 34 182 145
2 2788 735
1 766 778 2616
2 4955 391
2 2771 98
1 829 1074 1195
1 686 705 6834
2 8653 626
2 9826 518
2 6413 552
1 1087 1098 338
2 7273 628
1 915 979 3199
1 344 640 6256
2 7452 150
2 358 836
2 5432 246
2 9912 979
2 3127 640
1 314 627 4578
1 268 302 7721
1 8 865 2167
2 4490 230
2 1749 430
2 9273 71
1 1031 1045 3110
1 340 992 5411
1 704 880 8248
1 625 949 4674
1 718 909 9801
1 1058 1079 10
1 345 449 2049
2 7675 362
2 1746 419
2 7325 483
1 872 946 9616
2 3567 754
1 858 940 9593
1 42 445 8802
1 256 758 4346
2 6396 985
1 249 331 9553
1 635 966 9883
1 673 781 4014
1 1036 1069 4887
2 9480 62
1 665 754 6894
2 6052 872
1 61 222 9578
2 4257 474
1 383 644 1449
1 379 1034 5612
2 6932 954
2 8171 282
1 468 482 2334
2 5580 1010
2 1632 784
2 7418 969
2 7184 978
2 6503 438
2 6764 658
1 966 1055 2665
1 922 1012 7636
2 326 671
1 798 897 5906
1 469 578 9383
1 90 348 6394
2 9485 715
2 58 656
2 4348 658
2 3366 420
2 5663 244
2 5498 601
1 0 849 7462
1 889 1046 7657
1 615 885 659
2 996 813
1 248 587 1968
1 907 965 9905
2 7555 403
1 756 891 2645
1 360 442 7569
1 634 1015 4385
2 4065 388
2 138 239
1 929 1017 1807
2 7255 823
1 600 679 2368
2 3190 151
2 5835 700
1 86 330 1889
2 3933 1075
1 264 996 7541
1 326 379 5078
2 3237 331
1 56 953 7941
2 309 785
1 1060 1064 278
1 1068 1087 4861
2 7600 219
1 892 961 5573
2 9013 850
2 443 542
1 997 1046 6302
2 4243 695
1 506 675 4177
2 807 15
2 1757 1084
1 521 786 916
1 376 996 2713
2 1726 501
1 1043 1045 7934
1 52 443 7173
1 224 267 6314
1 383 728 2844
1 1031 1089 2233
2 3181 1007
1 1067 1083 7767
1 1084 1091 9244
1 333 572 9548
2 136 74
1 1070 1083 6296
2 2317 139
1 639 685 7285
2 5791 890
1 119 454 3418
1 198 1087 6096
1 631 842 9349
2 2980 1084
2 3784 639
1 417 919 5847
1 320 980 6489
1 589 885 5626
1 433 712 5289
2 4621 376
2 2331 211
1 619 858 9347
1 126 298 2219
1 239 848 1229
1 147 706 3297
1 214 889 5097
1 274 293 2744
2 151 911
1 386 529 9899
2 1579 409
1 41 386 6195
1 552 951 1901
2 9424 646
2 7084 394
2 8533 854
1 155 661 832
1 322 930 1055
2 954 181
1 715 920 6178
1 161 180 7459
2 5712 504
2 5136 177
1 695 887 2426
2 514 528
1 913 1037 1337
1 0 881 2723
2 1729 654
1 984 1026 7429
1 81 784 7039
1 524 883 195
1 71 1021 7012
2 4118 1059
2 3608 816
2 8798 277
2 7873 183
2 5954 837
2 213 848
1 1020 1062 8128
2 1432 95
1 8 61 1883
1 823 889 2779
2 8919 505
2 6396 434
2 2617 488
1 971 999 6292
1 493 942 1019
2 9147 31
1 126 403 8604
1 164 1022 896
2 27 371
2 8947 876
1 337 889 3530
2 3868 401
1 170 460 4772
2 5791 853
1 884 1078 1382
1 965 979 2024
2 9272 244
2 5651 740
1 642 721 6234
2 9764 718
1 145 684 1748
2 6521 1078
1 833 998 1646
2 9380 99
2 5719 1064
2 2546 246
2 2756 291
1 419 690 4685
2 979 1070
1 926 1013 2133
2 4983 1019
1 49 361 3132
2 3088 299
2 1266 1078
2 824 1053
2 9099 0
2 8896 468
2 8576 61
2 724 496
1 102 892 913
2 1733 862
1 418 524 3661
2 1655 1001
2 5368 566
1 376 528 8378
1 1012 1065 7096
2 2024 208
2 2748 828
2 1957 931
1 1078 1088 6457
2 7674 55
1 896 923 1353
2 3073 1088
2 1052 490
2 4398 118
1 267 949 1288
2 1156 1047
1 810 842 439
1 246 368 8905
2 6579 194
2 4911 1091
2 1519 736
1 1034 1095 3563
2 4313 278
2 6437 669
2 6702 517
1 171 367 5625
1 98 720 6089
2 5632 650
2 4249 276
1 713 1075 7846
2 5074 945
1 7 113 5210
1 76 628 994
2 1612 364
1 890 976 1140
2 7230 223
1 873 1038 8605
2 4932 853
1 764 885 3704
1 58 931 9045
1 332 416 4174
1 125 559 5216
2 7048 419
2 2107 32
1 704 1009 3553
1 643 742 7553
2 5181 967
2 4515 505
2 3560 808
1 166 445 2518
1 65 328 9780
2 3181 973
1 1005 1060 5762
2 9315 208
2 7120 852
1 411 666 8772
2 3287 595
1 429 481 2620
1 282 318 8382
2 4515 487
1 362 747 4774
1 348 487 967
2 653 440
2 4243 536
1 502 674 7957
1 461 558 5323
2 9141 530
2 3876 463
1 1074 1098 2645
2 7419 251
2 4308 599
1 182 659 1457
2 5701 540
1 1043 1047 5327
2 3913 223
1 52 611 9294
2 3170 831
1 808 1020 7417
2 1188 830
1 331 937 1792
1 1086 1097 3585
