-1
577
-1
654
577
577
1020
633
715
743
313
264
-1
264
176
769
529
634
515
567
670
1011
1060
1047
985
257
296
316
178
376
799
532
745
1062
751
73
740
749
842
447
347
328
1001
745
55
204
653
623
1089
1066
556
173
33
493
954
426
33
979
62
452
378
80
78
1065
941
481
800
25
456
669
236
529
1059
888
1042
1043
1040
1092
297
200
675
475
360
35
877
418
728
669
616
896
947
570
899
4
409
459
1050
922
162
73
44
1035
173
453
693
469
496
228
809
136
729
161
989
1070
1024
637
928
883
550
51
136
650
541
53
673
642
400
136
541
151
88
531
1027
580
323
67
682
684
285
381
884
648
227
510
259
957
39
413
961
1008
746
444
906
598
853
231
122
43
349
560
773
970
1090
745
252
749
688
281
719
1073
35
360
53
630
708
1003
577
929
280
1065
590
597
548
1033
172
298
847
961
1038
108
991
765
784
1000
872
618
838
793
800
776
85
547
864
297
198
125
908
77
1083
441
505
465
-1
1053
232
37
105
870
751
251
1061
860
594
34
1029
655
184
361
79
828
1041
767
884
873
114
520
964
750
72
416
350
185
237
858
791
1003
345
1037
964
9
1075
747
405
515
394
466
583
861
674
87
48
256
819
373
806
409
300
443
364
710
942
875
658
764
347
902
367
597
806
238
691
90
866
31
21
1029
662
865
241
456
724
875
270
156
284
674
76
502
89
680
513
588
116
1042
621
126
838
29
499
242
492
459
496
915
164
832
677
576
688
508
1066
601
513
188
485
234
1083
996
213
715
105
974
400
734
396
59
158
601
323
219
727
142
471
434
852
177
1071
961
724
391
753
261
841
1046
199
152
241
744
435
898
554
1046
1041
267
29
80
482
530
764
337
637
621
808
475
832
668
929
639
159
226
879
760
731
1041
984
64
971
436
337
555
273
509
711
1053
1038
842
341
150
229
258
533
1045
361
862
6
280
191
574
927
171
853
1088
1004
552
16
786
867
912
907
1067
132
1078
920
619
694
463
416
993
619
269
687
624
590
368
1031
758
69
88
602
597
244
421
717
406
240
304
405
335
536
1015
269
868
438
600
513
908
128
1034
728
441
910
14
355
357
269
791
258
716
584
115
212
542
309
322
133
119
207
419
836
1001
575
909
588
193
446
800
923
202
972
709
385
290
182
56
1078
466
926
1035
1013
188
846
820
742
744
336
442
226
567
23
169
467
806
677
369
540
173
968
523
263
579
678
112
971
535
892
610
288
44
548
645
556
466
825
134
72
560
903
754
90
915
562
344
1017
990
124
996
559
602
550
891
266
78
544
1008
905
611
864
27
540
487
824
701
204
583
296
395
257
865
868
368
198
884
132
1041
617
505
545
409
1011
33
353
418
374
503
131
1088
47
637
122
31
314
952
953
445
771
112
599
624
551
224
120
151
384
210
524
176
226
305
814
31
892
832
726
894
194
865
965
199
307
788
979
452
613
999
167
567
792
685
654
715
845
463
1065
404
145
454
199
297
943
1084
424
555
406
2
880
701
225
8
610
776
986
623
296
85
986
226
843
504
713
236
1021
1023
7
729
1068
919
1091
15
212
596
536
920
183
175
146
807
414
371
1015
438
966
961
301
45
473
708
571
371
445
469
1031
616
766
45
877
78
440
156
905
246
809
417
890
893
19
122
78
534
921
537
102
606
1096
582
212
826
309
651
95
413
922
108
626
818
312
845
1049
204
1
437
280
342
631
203
645
375
546
1084
466
779
397
295
950
598
707
604
919
277
561
1036
694
642
1096
14
169
144
334
184
1048
741
239
660
385
221
279
861
738
529
250
192
117
27
947
25
506
1026
708
1012
504
478
1082
788
668
790
839
989
444
302
787
529
990
1025
377
41
337
22
74
559
551
257
1032
92
178
554
1024
729
563
88
845
1060
771
21
77
384
314
42
296
106
132
420
799
493
637
5
695
610
563
855
201
91
780
68
324
320
537
1006
697
992
688
528
839
494
473
1016
196
181
321
567
94
490
443
982
442
80
104
547
67
620
1051
253
413
685
207
921
175
75
760
49
454
629
1007
230
166
620
321
820
378
1024
1086
34
1025
599
680
268
651
334
550
702
2
802
522
532
537
539
180
697
874
373
234
768
310
51
972
919
577
209
433
431
487
785
345
349
357
956
966
823
306
793
714
353
247
623
971
109
778
995
849
842
228
831
959
651
462
225
291
875
583
116
550
841
1052
133
760
191
919
1
91
117
331
136
1001
58
248
64
43
706
90
877
776
854
904
1097
877
844
979
307
330
880
203
640
388
294
74
1020
548
740
550
1058
451
826
1040
594
601
940
246
602
321
141
786
822
954
304
645
292
87
917
331
870
634
1043
335
1029
296
654
882
992
890
863
982
952
543
492
937
78
1020
492
310
274
122
1046
139
586
505
820
769
106
212
600
1027
44
871
592
343
364
238
344
452
595
74
949
366
11
835
873
476
259
394
183
355
827
889
1005
851
69
441
826
892
84
866
1063
23
754
936
31
230
691
118
772
377
361
220
304
318
514
723
665
473
751
117
179
882
568
1025
191
126
365
624
857
742
774
507
253
338
526
96
403
1079
66
581
461
785
977
1060
31
548
55
10
870
433
418
738
748
616
908
1019
193
720
403
571
385
1012
130
907
381
1072
793
791
406
1029
727
900
505
418
437
793
623
511
303
1063
569
815
323
1090
870
1027
912
87
370
210
949
893
787
774
468
143
75
276
939
1011
530
246
1050
754
306
424
198
1022
791
1045
495
190
286
240
1025
127
108
1024
358
1011
554
663
169
286
323
507
956
27
898
1020
397
150
332
126
998
565
925
1049
913
1018
311
233
257
191
169
160
300
111
490
535
512
123
973
829
817
235
38
676
438
298
667
550
70
127
347
771
820
947
281
871
586
1012
206
1082
724
1019
28
227
837
441
15
519
31
323
171
278
814
613
641
936
499
1082
646
820
963
444
755
507
375
589
896
487
880
578
401
133
39
386
241
758
752
109
50
374
656
868
337
266
327
615
736
962
555
679
610
29
341
1005
1023
86
279
690
86
820
1056
1093
363
912
135
968
441
1076
1022
59
835
246
897
240
290
174
822
358
107
313
453
352
1019
772
781
146
262
883
676
583
729
606
507
180
268
835
589
135
1055
461
129
312
991
240
7
179
110
449
860
345
802
1069
1075
788
509
533
660
823
435
511
623
530
928
729
428
654
111
782
749
33
590
655
46
414
355
205
140
947
5
1027
352
693
589
624
230
879
764
652
467
662
743
1037
826
826
40
381
393
664
1047
402
195
262
900
338
703
1000
794
629
192
811
736
1047
250
156
164
610
332
948
691
737
59
839
179
1023
82
526
106
369
87
929
237
452
942
452
4
735
795
463
611
316
401
82
1016
974
526
410
663
269
289
64
445
72
347
580
644
186
900
307
1062
129
322
712
653
845
187
815
124
347
412
84
336
839
164
521
473
111
217
769
181
686
430
12
381
32
320
989
651
814
1027
263
165
1004
1064
142
716
57
604
811
498
448
552
612
438
183
26
558
948
868
443
532
352
472
474
953
986
436
922
414
940
1068
957
176
797
145
228
681
430
598
275
155
739
254
127
619
282
713
359
177
1014
974
1002
387
754
186
900
335
404
774
403
160
223
622
354
460
866
735
391
98
626
518
552
628
150
836
246
979
640
230
430
71
362
419
483
754
985
62
872
474
954
282
1010
784
969
978
438
658
671
715
656
658
420
244
601
813
403
388
239
823
151
700
1075
331
785
219
850
542
695
15
1084
501
1007
74
139
890
1084
639
376
211
911
409
646
394
854
181
504
177
528
654
1059
816
277
183
837
848
95
505
434
488
31
371
876
401
853
244
740
718
1078
99
1064
246
291
1070
1019
299
1078
1053
0
468
61
496
862
1001
566
208
828
931
55
1088
490
118
1047
194
1091
736
278
669
517
650
276
945
364
223
853
419
32
967
505
808
973
208
852
595
487
440
536
530
463
251
599
540
223
831
830
