13
0 0.498258 0.756233 0.640331 0.909193 0.66518 0.305356 0.031732 0.314376 0.991456 0.808521 0.434976 0.771242 
0.501742 0 0.922936 0.36959 0.621503 0.333578 0.00688243 0.0835097 0.0915228 0.1078 0.774395 0.33579 0.180376 
0.243767 0.0770636 0 0.207839 0.36634 0.566903 0.412786 0.0733514 0.606143 0.499911 0.0827929 0.815248 0.783947 
0.359669 0.63041 0.792161 0 0.689671 0.728052 0.297116 0.914643 0.321228 0.334683 0.527472 0.506703 0.790342 
0.0908072 0.378497 0.63366 0.310329 0 0.346312 0.568864 0.37155 0.369408 0.67324 0.315093 0.280043 0.851501 
0.33482 0.666422 0.433097 0.271948 0.653688 0 0.814056 0.813511 0.464566 0.781773 0.22192 0.314197 0.943327 
0.694644 0.993118 0.587214 0.702884 0.431136 0.185944 0 0.326148 0.988315 0.685154 0.971101 0.655245 0.792459 
0.968268 0.91649 0.926649 0.0853575 0.62845 0.186489 0.673852 0 0.461715 0.183936 0.00894866 0.552465 0.837203 
0.685624 0.908477 0.393857 0.678772 0.630592 0.535434 0.0116846 0.538285 0 0.393909 0.73395 0.455 0.346294 
0.00854365 0.8922 0.500089 0.665317 0.32676 0.218227 0.314846 0.816064 0.606091 0 0.167645 0.809815 0.918222 
0.191479 0.225605 0.917207 0.472528 0.684907 0.77808 0.028899 0.991051 0.26605 0.832355 0 0.482951 0.0956989 
0.565024 0.66421 0.184752 0.493297 0.719957 0.685803 0.344755 0.447535 0.545 0.190185 0.517049 0 0.766592 
0.228758 0.819624 0.216053 0.209658 0.148499 0.0566729 0.207541 0.162797 0.653706 0.081778 0.904301 0.233408 0 
