9
4 8 10
4 6 3 6
6 22 27
4 9 6 3 4 5
3 8 10
3 2 1
3 1 1
2 3 4
3 3 6
3 2 1
4 4 12
3 3 2 1
6 8 8
1 1 2 2 2 3
19 1240007723 2872285552
231723852 158830866 984303387 429523999 225774213 375999959 458756971 171776373 208484315 511521406 799495386 992095526 354516323 151310579 950642607 591659424 712372919 167337027 720275959
24 6381060545 11544941083
226623994 93344583 686962380 154307648 174548137 115181073 25835940 817879690 191518454 455490114 138632721 733176779 814176500 232735783 11079105 370890875 46644108 716017410 175552629 198041412 514974968 327157126 383877763 869608324
